Exported by iSMS
Date: 30-Sep-2026
Movie filename: Ch_3_1_001.tif
FRET pair #19
Dem-Dexc   Aem-Dexc   
67460.6410	12066.6237
67419.6410	8647.6237
68720.6410	8962.6237
67423.6410	8787.6237
69977.6410	8211.6237
65336.6410	7581.6237
64847.6410	4756.6237
68220.6410	6791.6237
63243.6410	5752.6237
64724.6410	7544.6237
64352.6410	7898.6237
67967.6410	6712.6237
63106.6410	4342.6237
66069.6410	8577.6237
59459.6410	6754.6237
62415.6410	1159.6237
60748.6410	5307.6237
61342.6410	3548.6237
66528.6410	5960.6237
64619.6410	4162.6237
58355.6410	9344.6237
61747.6410	6140.6237
66885.6410	7293.6237
66144.6410	7580.6237
60676.6410	9302.6237
63251.6410	10301.6237
61559.6410	4007.6237
61120.6410	7318.6237
66322.6410	5233.6237
63466.6410	7016.6237
61411.6410	6401.6237
66218.6410	9663.6237
66386.6410	1977.6237
64975.6410	5115.6237
60959.6410	6682.6237
63333.6410	6214.6237
64960.6410	6224.6237
67216.6410	2559.6237
60314.6410	7581.6237
64309.6410	5919.6237
62877.6410	7761.6237
66924.6410	7803.6237
63956.6410	4635.6237
61695.6410	6931.6237
65602.6410	6456.6237
66941.6410	4101.6237
61342.6410	10669.6237
62942.6410	5355.6237
63569.6410	5569.6237
64575.6410	7260.6237
64281.6410	8195.6237
64288.6410	5284.6237
63181.6410	5594.6237
64342.6410	3768.6237
57580.6410	5994.6237
55994.6410	5353.6237
60397.6410	6697.6237
59294.6410	6917.6237
62114.6410	6151.6237
60816.6410	6591.6237
65437.6410	8295.6237
59430.6410	5629.6237
56319.6410	2832.6237
65252.6410	5613.6237
58225.6410	1733.6237
57371.6410	6848.6237
59762.6410	6112.6237
60581.6410	7791.6237
64338.6410	5794.6237
59191.6410	3409.6237
56887.6410	5507.6237
64923.6410	6286.6237
61338.6410	5365.6237
58322.6410	8570.6237
58102.6410	8238.6237
60488.6410	8442.6237
57110.6410	2890.6237
61577.6410	3635.6237
62052.6410	6835.6237
61475.6410	7764.6237
57645.6410	3676.6237
64005.6410	7310.6237
61812.6410	3869.6237
58348.6410	5425.6237
52351.6410	4670.6237
53735.6410	7717.6237
56362.6410	3909.6237
56154.6410	4470.6237
54081.6410	2381.6237
50075.6410	3550.6237
52709.6410	6082.6237
60326.6410	5773.6237
54627.6410	2113.6237
49016.6410	5298.6237
48527.6410	4751.6237
54656.6410	7620.6237
55111.6410	7820.6237
59250.6410	3318.6237
50507.6410	5470.6237
52150.6410	5812.6237
57894.6410	6377.6237
56729.6410	7254.6237
55109.6410	3430.6237
56022.6410	6336.6237
62592.6410	3603.6237
58280.6410	6619.6237
58804.6410	8411.6237
59791.6410	4566.6237
58501.6410	5081.6237
58387.6410	3654.6237
52914.6410	5420.6237
61347.6410	3596.6237
57777.6410	5024.6237
60314.6410	3529.6237
58124.6410	5438.6237
61359.6410	4685.6237
58300.6410	7528.6237
57911.6410	7886.6237
54899.6410	4748.6237
55433.6410	3027.6237
56882.6410	1643.6237
58268.6410	2705.6237
60186.6410	1709.6237
61116.6410	4958.6237
55917.6410	2808.6237
59877.6410	10369.6237
55473.6410	8087.6237
60262.6410	5708.6237
61954.6410	4976.6237
58906.6410	5219.6237
60484.6410	6913.6237
58447.6410	7217.6237
60095.6410	5629.6237
57820.6410	234.6237
56964.6410	5298.6237
63996.6410	2018.6237
60999.6410	1822.6237
60675.6410	3993.6237
35075.6410	18644.6237
53657.6410	3107.6237
59654.6410	6083.6237
57949.6410	5985.6237
58435.6410	196.6237
63575.6410	9137.6237
55720.6410	3215.6237
60158.6410	9083.6237
61120.6410	416.6237
57099.6410	8021.6237
56461.6410	4154.6237
61079.6410	4261.6237
57027.6410	4174.6237
60610.6410	5552.6237
60157.6410	4000.6237
61629.6410	4555.6237
59978.6410	3567.6237
58256.6410	3188.6237
59275.6410	1532.6237
55211.6410	5732.6237
63380.6410	6733.6237
58991.6410	5664.6237
61332.6410	7833.6237
60651.6410	6217.6237
60643.6410	3425.6237
63165.6410	3314.6237
73259.6410	5034.6237
57730.6410	2724.6237
62166.6410	6520.6237
63898.6410	7546.6237
54054.6410	1025.6237
56891.6410	4757.6237
63235.6410	2565.6237
61253.6410	83.6237
55634.6410	2256.6237
57977.6410	4299.6237
59994.6410	4659.6237
57629.6410	4192.6237
57525.6410	8591.6237
59615.6410	2788.6237
59403.6410	6619.6237
58128.6410	3525.6237
55796.6410	2630.6237
56177.6410	5799.6237
58845.6410	-308.3763
59595.6410	2568.6237
60576.6410	2118.6237
57446.6410	7944.6237
57865.6410	-737.3763
61619.6410	2608.6237
59165.6410	1158.6237
59982.6410	8612.6237
54344.6410	6799.6237
63268.6410	2407.6237
60697.6410	4026.6237
57150.6410	2932.6237
56466.6410	4310.6237
59628.6410	2942.6237
56980.6410	1847.6237
54927.6410	4571.6237
63867.6410	5774.6237
55906.6410	-23.3763
56616.6410	4590.6237
55779.6410	7053.6237
60069.6410	3651.6237
54366.6410	4047.6237
54980.6410	5181.6237
57571.6410	3024.6237
54969.6410	1887.6237
59602.6410	2171.6237
56829.6410	669.6237
57131.6410	8891.6237
53759.6410	6327.6237
53809.6410	5744.6237
57120.6410	-1495.3763
54043.6410	3682.6237
59190.6410	1705.6237
58675.6410	3671.6237
54978.6410	4013.6237
60212.6410	3290.6237
61124.6410	3331.6237
62757.6410	4188.6237
63292.6410	-1212.3763
61377.6410	1371.6237
56779.6410	2996.6237
58315.6410	5685.6237
59055.6410	6770.6237
54923.6410	56.6237
65097.6410	5518.6237
59451.6410	2228.6237
61826.6410	2772.6237
60100.6410	9306.6237
60096.6410	7929.6237
60486.6410	3183.6237
59414.6410	6049.6237
58188.6410	4893.6237
58925.6410	5302.6237
62059.6410	5362.6237
58561.6410	8018.6237
58742.6410	-1729.3763
58817.6410	6601.6237
58991.6410	3911.6237
61299.6410	1933.6237
58985.6410	4310.6237
60793.6410	5165.6237
56410.6410	6775.6237
55327.6410	5345.6237
62593.6410	5339.6237
53305.6410	7110.6237
60789.6410	2719.6237
59485.6410	4676.6237
57167.6410	3871.6237
62858.6410	3018.6237
57719.6410	5133.6237
55558.6410	2820.6237
62280.6410	2608.6237
54571.6410	5847.6237
56340.6410	5853.6237
61347.6410	4334.6237
59153.6410	4500.6237
55709.6410	5594.6237
61189.6410	-431.3763
63094.6410	8207.6237
62373.6410	6619.6237
64909.6410	9502.6237
65136.6410	3846.6237
62805.6410	1883.6237
63264.6410	6722.6237
58124.6410	7145.6237
66759.6410	6729.6237
65006.6410	7242.6237
67955.6410	6581.6237
62755.6410	4481.6237
61634.6410	2633.6237
62247.6410	7799.6237
64878.6410	6809.6237
63858.6410	4486.6237
63136.6410	3797.6237
70991.6410	5801.6237
64034.6410	2344.6237
63338.6410	3543.6237
62979.6410	8872.6237
69835.6410	5279.6237
59873.6410	4702.6237
63363.6410	7797.6237
64530.6410	5335.6237
69554.6410	10793.6237
68396.6410	6499.6237
62188.6410	3302.6237
66375.6410	5949.6237
63543.6410	7164.6237
64893.6410	7672.6237
66614.6410	5250.6237
70267.6410	6830.6237
61056.6410	5873.6237
65126.6410	4518.6237
64213.6410	1332.6237
69725.6410	3032.6237
68126.6410	4409.6237
66409.6410	1490.6237
61318.6410	6286.6237
67444.6410	4058.6237
61336.6410	4338.6237
64135.6410	5270.6237
62486.6410	3725.6237
61633.6410	4233.6237
66883.6410	3321.6237
68586.6410	7741.6237
72938.6410	5563.6237
66539.6410	5175.6237
66070.6410	2600.6237
71020.6410	2846.6237
69842.6410	7490.6237
62722.6410	4486.6237
62575.6410	8080.6237
67319.6410	9590.6237
70616.6410	5778.6237
63818.6410	6063.6237
61874.6410	1741.6237
58105.6410	4782.6237
64465.6410	5070.6237
69959.6410	6042.6237
70590.6410	4392.6237
63905.6410	5135.6237
63398.6410	7486.6237
60017.6410	7674.6237
69358.6410	4729.6237
64634.6410	3460.6237
66379.6410	6506.6237
62261.6410	3876.6237
63890.6410	4406.6237
62549.6410	8351.6237
64371.6410	5066.6237
62057.6410	3019.6237
65858.6410	2342.6237
67778.6410	1242.6237
63791.6410	8386.6237
63147.6410	3629.6237
65394.6410	1996.6237
66419.6410	5488.6237
68241.6410	4623.6237
63064.6410	5183.6237
68839.6410	6526.6237
69398.6410	6675.6237
62120.6410	2322.6237
64364.6410	4397.6237
63668.6410	5452.6237
68197.6410	3564.6237
64999.6410	3030.6237
68819.6410	4497.6237
63233.6410	-517.3763
62473.6410	4856.6237
63635.6410	3376.6237
65446.6410	6590.6237
65369.6410	3938.6237
63720.6410	4774.6237
64516.6410	9422.6237
59434.6410	2932.6237
62679.6410	7251.6237
64302.6410	5297.6237
60624.6410	3006.6237
64218.6410	2475.6237
61525.6410	4819.6237
64887.6410	6010.6237
62184.6410	7993.6237
70904.6410	7881.6237
64684.6410	4962.6237
62503.6410	2829.6237
65956.6410	2864.6237
57453.6410	7959.6237
72747.6410	10529.6237
62032.6410	6297.6237
60402.6410	4219.6237
64641.6410	4810.6237
63901.6410	49.6237
60977.6410	6510.6237
56019.6410	2690.6237
63341.6410	5232.6237
62216.6410	3823.6237
59410.6410	923.6237
60963.6410	2729.6237
62458.6410	4338.6237
59039.6410	4092.6237
57858.6410	5036.6237
59540.6410	6088.6237
65432.6410	6112.6237
56816.6410	8114.6237
60833.6410	3709.6237
61845.6410	7819.6237
62276.6410	2941.6237
61733.6410	5932.6237
57418.6410	3748.6237
63780.6410	4269.6237
63600.6410	3058.6237
59967.6410	7057.6237
63926.6410	3216.6237
58248.6410	2249.6237
59021.6410	7195.6237
62295.6410	4126.6237
57472.6410	2859.6237
58097.6410	2048.6237
57248.6410	5305.6237
63553.6410	1811.6237
60715.6410	5175.6237
57940.6410	7652.6237
59718.6410	5948.6237
56748.6410	5333.6237
59977.6410	2850.6237
57345.6410	-1970.3763
57427.6410	8101.6237
62587.6410	6867.6237
62999.6410	4721.6237
58169.6410	3795.6237
58738.6410	-650.3763
60317.6410	4472.6237
60450.6410	4537.6237
59449.6410	2392.6237
60026.6410	5372.6237
60255.6410	2979.6237
61046.6410	1737.6237
58003.6410	8896.6237
58101.6410	2963.6237
58319.6410	7099.6237
58424.6410	3095.6237
60253.6410	1948.6237
58541.6410	6111.6237
60184.6410	4377.6237
62695.6410	1972.6237
58357.6410	4116.6237
62581.6410	3906.6237
57716.6410	3987.6237
61877.6410	3162.6237
53918.6410	3753.6237
62059.6410	3506.6237
59333.6410	5966.6237
58641.6410	3618.6237
57884.6410	7382.6237
61779.6410	6424.6237
62233.6410	3080.6237
63546.6410	3920.6237
58290.6410	4803.6237
59196.6410	8140.6237
63060.6410	5077.6237
61664.6410	159.6237
58339.6410	2869.6237
61187.6410	4760.6237
56624.6410	4386.6237
63477.6410	4294.6237
61362.6410	6639.6237
59090.6410	4097.6237
58674.6410	4182.6237
56515.6410	5830.6237
57193.6410	7560.6237
63133.6410	5536.6237
61391.6410	3787.6237
57223.6410	4083.6237
59020.6410	5923.6237
59037.6410	5509.6237
59408.6410	1889.6237
60105.6410	4411.6237
62186.6410	3367.6237
61456.6410	3482.6237
62336.6410	5298.6237
56996.6410	4421.6237
61305.6410	6309.6237
61630.6410	1534.6237
61263.6410	3150.6237
65465.6410	5233.6237
62722.6410	4512.6237
61080.6410	-2.3763
60339.6410	4212.6237
53746.6410	3005.6237
60399.6410	914.6237
62627.6410	5122.6237
57249.6410	2522.6237
59121.6410	5747.6237
61992.6410	4310.6237
62070.6410	5879.6237
57005.6410	5769.6237
60449.6410	5875.6237
63143.6410	6394.6237
58084.6410	5030.6237
56614.6410	5184.6237
61187.6410	2644.6237
60628.6410	4324.6237
58188.6410	4878.6237
59817.6410	1891.6237
63706.6410	5310.6237
62823.6410	5919.6237
55266.6410	4166.6237
60782.6410	-1414.3763
58931.6410	3959.6237
58983.6410	4442.6237
57781.6410	5603.6237
55999.6410	6765.6237
61404.6410	5058.6237
62120.6410	2791.6237
54238.6410	3645.6237
51595.6410	4315.6237
55614.6410	3399.6237
52464.6410	2679.6237
59844.6410	6594.6237
58497.6410	3551.6237
53039.6410	4128.6237
54590.6410	4650.6237
55075.6410	3405.6237
55690.6410	4004.6237
53865.6410	5800.6237
55044.6410	3886.6237
54533.6410	3199.6237
55004.6410	6108.6237
57421.6410	2960.6237
53841.6410	9001.6237
60627.6410	4756.6237
56004.6410	5596.6237
56302.6410	1736.6237
53829.6410	703.6237
56428.6410	-1079.3763
57101.6410	1173.6237
53528.6410	2592.6237
58740.6410	7102.6237
55790.6410	2609.6237
54309.6410	3931.6237
55827.6410	4477.6237
55510.6410	525.6237
59592.6410	2861.6237
61982.6410	6789.6237
57766.6410	5479.6237
57295.6410	-1219.3763
60240.6410	4676.6237
64067.6410	4564.6237
62665.6410	5915.6237
60575.6410	4386.6237
59816.6410	3150.6237
68643.6410	4146.6237
62062.6410	4840.6237
61773.6410	8916.6237
56122.6410	6718.6237
61095.6410	4909.6237
60029.6410	1036.6237
60444.6410	3354.6237
58335.6410	5156.6237
60924.6410	5349.6237
59330.6410	5782.6237
60791.6410	4652.6237
59210.6410	3569.6237
57377.6410	6151.6237
50866.6410	5244.6237
54026.6410	2495.6237
55137.6410	3260.6237
55643.6410	1110.6237
55918.6410	1264.6237
55166.6410	1717.6237
54401.6410	8925.6237
53165.6410	5751.6237
52558.6410	2636.6237
58540.6410	6817.6237
56699.6410	1970.6237
57681.6410	2892.6237
55368.6410	4310.6237
54838.6410	6199.6237
50182.6410	2711.6237
58591.6410	1525.6237
59989.6410	3484.6237
55944.6410	1980.6237
53604.6410	3366.6237
55270.6410	2876.6237
66680.6410	1.6237
55638.6410	2430.6237
58480.6410	688.6237
58560.6410	4621.6237
62625.6410	4500.6237
58394.6410	8190.6237
61773.6410	3094.6237
58387.6410	5623.6237
57905.6410	3491.6237
62296.6410	3673.6237
58252.6410	5892.6237
61008.6410	2478.6237
59482.6410	5293.6237
57410.6410	4083.6237
61555.6410	5027.6237
54903.6410	3544.6237
57446.6410	3361.6237
58866.6410	2284.6237
59903.6410	4842.6237
59798.6410	2699.6237
67039.6410	3355.6237
71318.6410	5860.6237
58384.6410	4891.6237
62225.6410	5582.6237
61168.6410	5051.6237
61053.6410	6440.6237
60377.6410	5404.6237
61900.6410	5910.6237
60520.6410	2536.6237
62988.6410	3120.6237
61736.6410	7474.6237
65073.6410	6644.6237
63298.6410	7045.6237
64039.6410	4406.6237
55174.6410	3729.6237
58917.6410	4466.6237
63382.6410	3759.6237
65118.6410	6440.6237
62262.6410	4350.6237
62141.6410	5493.6237
60706.6410	3384.6237
61878.6410	6570.6237
61615.6410	4395.6237
58199.6410	4115.6237
65895.6410	5052.6237
62672.6410	3175.6237
61263.6410	3730.6237
61206.6410	5472.6237
61565.6410	3808.6237
62543.6410	5051.6237
63648.6410	4256.6237
59186.6410	2537.6237
63338.6410	3954.6237
61592.6410	1154.6237
60599.6410	4789.6237
60063.6410	3481.6237
60148.6410	7125.6237
60743.6410	1800.6237
60246.6410	1881.6237
64985.6410	2941.6237
63537.6410	2362.6237
62098.6410	7847.6237
61513.6410	4066.6237
63210.6410	4952.6237
61464.6410	7068.6237
63869.6410	3294.6237
64097.6410	2370.6237
61193.6410	6316.6237
67095.6410	5884.6237
57194.6410	4153.6237
62412.6410	6313.6237
67802.6410	3471.6237
62663.6410	2642.6237
64740.6410	5770.6237
56456.6410	976.6237
63885.6410	3206.6237
59121.6410	4404.6237
72026.6410	2215.6237
68688.6410	5854.6237
62987.6410	7442.6237
62449.6410	1887.6237
65935.6410	2422.6237
66436.6410	3475.6237
59758.6410	6144.6237
62538.6410	2709.6237
63022.6410	4781.6237
66471.6410	852.6237
68039.6410	2174.6237
70159.6410	5319.6237
64934.6410	3287.6237
62953.6410	2019.6237
65326.6410	4486.6237
68527.6410	4750.6237
69379.6410	-32.3763
63337.6410	3642.6237
66318.6410	8466.6237
62944.6410	4851.6237
65084.6410	2783.6237
61447.6410	3565.6237
67528.6410	5656.6237
63405.6410	2085.6237
72258.6410	3444.6237
61920.6410	4124.6237
63972.6410	4708.6237
64197.6410	3655.6237
63371.6410	5223.6237
62451.6410	3265.6237
58769.6410	2333.6237
60127.6410	3407.6237
63055.6410	1458.6237
66997.6410	1070.6237
62073.6410	2065.6237
66705.6410	3876.6237
60378.6410	6451.6237
64143.6410	6539.6237
61995.6410	2491.6237
66079.6410	8069.6237
57902.6410	5389.6237
58985.6410	4804.6237
60053.6410	1846.6237
59525.6410	11411.6237
62859.6410	4368.6237
57748.6410	3247.6237
62817.6410	5327.6237
62735.6410	6854.6237
61623.6410	1531.6237
61622.6410	4551.6237
60863.6410	6512.6237
62081.6410	3643.6237
60498.6410	3139.6237
66727.6410	2135.6237
60832.6410	3782.6237
63418.6410	4802.6237
61686.6410	9389.6237
61357.6410	7174.6237
61642.6410	3608.6237
59707.6410	5811.6237
57735.6410	1107.6237
60069.6410	1077.6237
60930.6410	5007.6237
64034.6410	5710.6237
63080.6410	632.6237
63205.6410	5074.6237
62811.6410	7656.6237
63236.6410	-1270.3763
57448.6410	4178.6237
65395.6410	4405.6237
65922.6410	2824.6237
63671.6410	6285.6237
62898.6410	1653.6237
60021.6410	3647.6237
57982.6410	3846.6237
61232.6410	1888.6237
61073.6410	7178.6237
56754.6410	7545.6237
60339.6410	1655.6237
61676.6410	1439.6237
61731.6410	1950.6237
61339.6410	1626.6237
57329.6410	3088.6237
58565.6410	4872.6237
62424.6410	2353.6237
59084.6410	-394.3763
54574.6410	1406.6237
59792.6410	6135.6237
62827.6410	4017.6237
65221.6410	6887.6237
60864.6410	4504.6237
60765.6410	3856.6237
58886.6410	-1127.3763
61735.6410	3586.6237
61035.6410	2508.6237
59406.6410	2647.6237
56484.6410	1637.6237
59194.6410	3907.6237
58397.6410	1171.6237
55756.6410	1695.6237
62946.6410	-50.3763
55295.6410	3642.6237
62897.6410	6959.6237
59639.6410	6605.6237
61518.6410	5625.6237
64057.6410	4047.6237
61259.6410	2737.6237
60213.6410	5611.6237
60022.6410	1548.6237
56666.6410	5375.6237
62463.6410	892.6237
61106.6410	4847.6237
59133.6410	3886.6237
58151.6410	4226.6237
64899.6410	2777.6237
60135.6410	4414.6237
56174.6410	4132.6237
59128.6410	1780.6237
58954.6410	5088.6237
60726.6410	3942.6237
57864.6410	2799.6237
62100.6410	9135.6237
64544.6410	6720.6237
61834.6410	2653.6237
61021.6410	3142.6237
62050.6410	2988.6237
56801.6410	4691.6237
62739.6410	2666.6237
65645.6410	4326.6237
58392.6410	2967.6237
56759.6410	3776.6237
56991.6410	4634.6237
59532.6410	6285.6237
56120.6410	5307.6237
67088.6410	1767.6237
60653.6410	2119.6237
59433.6410	5880.6237
57533.6410	6432.6237
61317.6410	3266.6237
58537.6410	466.6237
63139.6410	2411.6237
58216.6410	4153.6237
63961.6410	-1669.3763
64675.6410	3422.6237
61707.6410	5787.6237
61990.6410	1957.6237
59499.6410	3580.6237
64637.6410	894.6237
59793.6410	532.6237
61785.6410	408.6237
56902.6410	192.6237
59150.6410	3449.6237
56592.6410	4928.6237
56773.6410	4581.6237
63998.6410	3739.6237
57213.6410	4415.6237
61473.6410	6803.6237
57936.6410	2812.6237
65485.6410	3063.6237
61171.6410	1214.6237
58806.6410	1572.6237
63668.6410	1927.6237
58951.6410	3097.6237
64664.6410	5633.6237
60761.6410	5704.6237
61747.6410	4223.6237
56979.6410	3335.6237
17598.6410	4420.6237
-325.3590	1674.6237
161.6410	3148.6237
2724.6410	-551.3763
-202.3590	-1432.3763
1192.6410	64.6237
-349.3590	2615.6237
6.6410	469.6237
1730.6410	2584.6237
-816.3590	2836.6237
-483.3590	799.6237
546.6410	-975.3763
-1061.3590	2608.6237
-243.3590	-211.3763
1267.6410	-666.3763
-1185.3590	-1245.3763
-110.3590	-1024.3763
-15.3590	-226.3763
1101.6410	1769.6237
-272.3590	-2966.3763
-905.3590	-223.3763
83.6410	2080.6237
122.6410	1066.6237
-1104.3590	-3133.3763
196.6410	-887.3763
9.6410	548.6237
-12.3590	2244.6237
-277.3590	-1119.3763
-208.3590	2478.6237
-409.3590	1079.6237
168.6410	-1345.3763
-1210.3590	2834.6237
929.6410	3355.6237
-35.3590	-2629.3763
-582.3590	297.6237
-1052.3590	-2708.3763
-1284.3590	2825.6237
-251.3590	44.6237
-981.3590	-2557.3763
1101.6410	161.6237
523.6410	-2178.3763
-251.3590	-3616.3763
849.6410	-4.3763
614.6410	-600.3763
-850.3590	-1773.3763
-575.3590	983.6237
-284.3590	535.6237
1077.6410	-1002.3763
-665.3590	306.6237
-601.3590	407.6237
-251.3590	134.6237
49.6410	-1251.3763
316.6410	1817.6237
901.6410	240.6237
231.6410	-2190.3763
493.6410	-1346.3763
-25.3590	-838.3763
315.6410	-1362.3763
432.6410	2005.6237
-958.3590	49.6237
-20.3590	1179.6237
-1199.3590	-803.3763
766.6410	-820.3763
-1244.3590	826.6237
-1239.3590	-1183.3763
-402.3590	-465.3763
-618.3590	3788.6237
857.6410	1059.6237
273.6410	-1050.3763
622.6410	-843.3763
-54.3590	81.6237
-64.3590	137.6237
-380.3590	-1213.3763
-534.3590	2650.6237
315.6410	-1281.3763
369.6410	-1232.3763
-677.3590	2498.6237
-37.3590	464.6237
1388.6410	-247.3763
-1902.3590	-903.3763
47.6410	-703.3763
-1514.3590	1334.6237
-18.3590	-3006.3763
-233.3590	1637.6237
-388.3590	1557.6237
-901.3590	-115.3763
-442.3590	-1556.3763
1294.6410	236.6237
-2210.3590	-3067.3763
703.6410	-973.3763
307.6410	1859.6237
975.6410	1921.6237
64.6410	117.6237
1459.6410	-1380.3763
-83.3590	-413.3763
-2363.3590	-1400.3763
-119.3590	145.6237
617.6410	2666.6237
441.6410	22.6237
49.6410	385.6237
1116.6410	-3313.3763
-263.3590	2781.6237
1056.6410	-3588.3763
-1004.3590	-715.3763
2586.6410	971.6237
-1244.3590	-1738.3763
1544.6410	557.6237
-1656.3590	2022.6237
486.6410	-1237.3763
-1288.3590	1204.6237
458.6410	-1070.3763
49.6410	-84.3763
-962.3590	-1470.3763
439.6410	369.6237
-540.3590	-745.3763
-961.3590	1739.6237
-519.3590	446.6237
-270.3590	9.6237
-240.3590	-181.3763
148.6410	-1435.3763
-1249.3590	-574.3763
-1113.3590	-2006.3763
-530.3590	-3628.3763
237.6410	1852.6237
-1019.3590	826.6237
2375.6410	1716.6237
-991.3590	-829.3763
210.6410	1599.6237
-841.3590	-393.3763
126.6410	619.6237
48.6410	1502.6237
1187.6410	-355.3763
-535.3590	-2102.3763
737.6410	-1862.3763
-57.3590	-2695.3763
483.6410	2111.6237
-386.3590	99.6237
346.6410	1231.6237
59.6410	586.6237
1615.6410	-2161.3763
-84.3590	65.6237
285.6410	-142.3763
-1087.3590	449.6237
-110.3590	1264.6237
-482.3590	-213.3763
997.6410	-1752.3763
-1761.3590	-114.3763
-1671.3590	1711.6237
579.6410	-421.3763
-319.3590	678.6237
25.6410	-2998.3763
-560.3590	-2131.3763
-1063.3590	1814.6237
-458.3590	-2333.3763
1297.6410	-781.3763
4135.6410	1178.6237
1332.6410	-711.3763
-170.3590	-761.3763
920.6410	-3146.3763
2517.6410	-3343.3763
2445.6410	314.6237
-1190.3590	3234.6237
-334.3590	2680.6237
36.6410	-392.3763
-1298.3590	3044.6237
1126.6410	-297.3763
-475.3590	-832.3763
-1201.3590	-2890.3763
-433.3590	34.6237
-396.3590	1007.6237
-260.3590	2381.6237
1426.6410	695.6237
-676.3590	-2860.3763
-939.3590	-2372.3763
-308.3590	296.6237
-1063.3590	-2053.3763
-1024.3590	-3997.3763
-1199.3590	2445.6237
-299.3590	31.6237
-682.3590	-4770.3763
1473.6410	3993.6237
1535.6410	351.6237
-475.3590	-39.3763
789.6410	505.6237
-727.3590	1244.6237
-1107.3590	1361.6237
790.6410	3700.6237
361.6410	1392.6237
-1101.3590	-1485.3763
-475.3590	-227.3763
241.6410	-212.3763
-197.3590	467.6237
-215.3590	-3022.3763
-450.3590	-782.3763
13.6410	-137.3763
-609.3590	-2490.3763
1349.6410	1557.6237
227.6410	-624.3763
484.6410	-1041.3763
-91.3590	-1775.3763
-821.3590	1077.6237
-183.3590	861.6237
-408.3590	-1860.3763
-11.3590	1156.6237
-513.3590	-1492.3763
523.6410	-1884.3763
1134.6410	-1275.3763
-517.3590	-63.3763
286.6410	30.6237
790.6410	-1365.3763
-1375.3590	-1485.3763
197.6410	-1111.3763
-225.3590	1903.6237
201.6410	1981.6237
-195.3590	-615.3763
-1193.3590	4648.6237
-555.3590	-2932.3763
-287.3590	-1217.3763
98.6410	1510.6237
-1.3590	-129.3763
-656.3590	-1850.3763
-1247.3590	-345.3763
-298.3590	-2190.3763
186.6410	146.6237
690.6410	2512.6237
1539.6410	-1824.3763
1374.6410	2483.6237
-1355.3590	-1177.3763
-520.3590	473.6237
-351.3590	3991.6237
-674.3590	-619.3763
-163.3590	2145.6237
1457.6410	1737.6237
-975.3590	117.6237
-731.3590	827.6237
-769.3590	3980.6237
79.6410	958.6237
8630.6410	-929.3763
291.6410	1321.6237
13.6410	2357.6237
-207.3590	828.6237
522.6410	-106.3763
-1990.3590	-1493.3763
573.6410	-306.3763
-400.3590	-2112.3763
1149.6410	864.6237
-510.3590	1420.6237
3163.6410	562.6237
-222.3590	4685.6237
667.6410	-394.3763
3.6410	-1907.3763
-174.3590	613.6237
-460.3590	1622.6237
-708.3590	3203.6237
197.6410	2554.6237
-262.3590	204.6237
95.6410	2417.6237
-359.3590	-1173.3763
917.6410	2358.6237
169.6410	607.6237
-885.3590	-220.3763
389.6410	-3066.3763
-858.3590	-778.3763
-787.3590	1056.6237
354.6410	-1144.3763
-1473.3590	-2029.3763
1791.6410	-369.3763
992.6410	-1873.3763
-645.3590	-952.3763
-154.3590	493.6237
320.6410	2781.6237
239.6410	-1955.3763
928.6410	-611.3763
-471.3590	2677.6237
-1.3590	583.6237
1408.6410	1608.6237
693.6410	2536.6237
-1106.3590	2276.6237
836.6410	-198.3763
-260.3590	2807.6237
-6.3590	78.6237
-136.3590	128.6237
-1964.3590	-1206.3763
-297.3590	-247.3763
-17.3590	3658.6237
934.6410	4966.6237
442.6410	4668.6237
-217.3590	52.6237
-490.3590	-660.3763
-297.3590	138.6237
376.6410	-1777.3763
329.6410	616.6237
307.6410	-5265.3763
-522.3590	26.6237
-1540.3590	-513.3763
-189.3590	-322.3763
-951.3590	3976.6237
-942.3590	-627.3763
-66.3590	782.6237
1394.6410	958.6237
-748.3590	-302.3763
-128.3590	-1890.3763
320.6410	-2629.3763
-21.3590	-5434.3763
-535.3590	-1875.3763
339.6410	-2041.3763
-600.3590	-1833.3763
-577.3590	-1740.3763
-932.3590	987.6237
1052.6410	-818.3763
894.6410	49.6237
533.6410	780.6237
141.6410	43.6237
-566.3590	1916.6237
541.6410	1302.6237
154.6410	1964.6237
176.6410	4761.6237
-656.3590	268.6237
164.6410	2769.6237
-269.3590	-3043.3763
-87.3590	-3745.3763
-658.3590	2760.6237
355.6410	4203.6237
229.6410	4108.6237
1136.6410	-1613.3763
358.6410	926.6237
876.6410	-1256.3763
-209.3590	3918.6237
-1256.3590	1350.6237
296.6410	-2124.3763
447.6410	-594.3763
-1770.3590	4647.6237
-505.3590	2333.6237
-864.3590	1104.6237
-829.3590	357.6237
127.6410	-1771.3763
-66.3590	-4903.3763
13.6410	1091.6237
-563.3590	906.6237
1001.6410	182.6237
-1124.3590	-1387.3763
-405.3590	-750.3763
1161.6410	-289.3763
-302.3590	1652.6237
-145.3590	-3531.3763
1160.6410	-809.3763
230.6410	1406.6237
185.6410	-352.3763
102.6410	2145.6237
593.6410	510.6237
429.6410	4549.6237
815.6410	-104.3763
-204.3590	-970.3763
291.6410	-5693.3763
-912.3590	-1550.3763
880.6410	-2011.3763
-821.3590	-2359.3763
-779.3590	-1264.3763
622.6410	-1511.3763
-1079.3590	-628.3763
678.6410	825.6237
-426.3590	1789.6237
-678.3590	-2547.3763
123.6410	-129.3763
32.6410	431.6237
472.6410	-2217.3763
5.6410	2181.6237
267.6410	2788.6237
-594.3590	1231.6237
1545.6410	-1234.3763
414.6410	1694.6237
557.6410	-2581.3763
621.6410	771.6237
-614.3590	-127.3763
42.6410	-1830.3763
-187.3590	-2876.3763
-128.3590	600.6237
2262.6410	-21.3763
180.6410	-438.3763
-322.3590	163.6237
-227.3590	35.6237
-80.3590	398.6237
1216.6410	-1039.3763
-810.3590	-3337.3763
-483.3590	-5555.3763
105.6410	-1749.3763
639.6410	1328.6237
774.6410	-1528.3763
-204.3590	2054.6237
942.6410	-316.3763
506.6410	1787.6237
