Exported by iSMS
Date: 30-Sep-2026
Movie filename: Ch_3_1_001.tif
FRET pair #87
Dem-Dexc   Aem-Dexc   
53796.3380	7267.0436
45122.3380	6154.0436
51555.3380	5168.0436
52387.3380	6723.0436
48073.3380	6011.0436
48500.3380	8124.0436
43377.3380	8933.0436
44381.3380	2763.0436
43882.3380	2542.0436
48479.3380	1939.0436
46042.3380	4911.0436
47930.3380	4900.0436
45925.3380	5925.0436
45647.3380	8033.0436
46640.3380	4588.0436
48168.3380	4314.0436
43878.3380	3808.0436
43701.3380	2585.0436
45538.3380	3236.0436
44335.3380	6435.0436
41995.3380	1596.0436
48047.3380	7568.0436
43857.3380	4967.0436
46146.3380	3055.0436
46115.3380	2112.0436
42790.3380	7801.0436
42667.3380	4224.0436
45664.3380	7523.0436
39716.3380	1013.0436
46457.3380	4937.0436
44769.3380	2627.0436
45630.3380	886.0436
47862.3380	7064.0436
48177.3380	2374.0436
47357.3380	6446.0436
46704.3380	6722.0436
44525.3380	3771.0436
46359.3380	4619.0436
44604.3380	6125.0436
49956.3380	4031.0436
44656.3380	4007.0436
44743.3380	217.0436
45392.3380	4368.0436
48440.3380	5741.0436
47615.3380	6274.0436
48700.3380	4197.0436
45010.3380	5379.0436
47735.3380	5884.0436
42949.3380	5786.0436
48623.3380	7906.0436
44056.3380	6433.0436
47142.3380	3280.0436
46778.3380	7604.0436
47378.3380	5288.0436
43663.3380	8391.0436
49086.3380	1083.0436
46728.3380	2855.0436
49234.3380	4793.0436
47922.3380	3859.0436
46904.3380	4954.0436
44883.3380	2006.0436
47613.3380	2918.0436
47929.3380	4615.0436
47159.3380	3978.0436
42712.3380	1995.0436
45092.3380	4078.0436
43752.3380	4644.0436
50982.3380	7041.0436
47690.3380	4511.0436
47923.3380	3632.0436
46844.3380	5343.0436
51505.3380	7374.0436
44900.3380	5497.0436
42551.3380	5451.0436
44614.3380	2321.0436
47552.3380	6016.0436
46425.3380	2875.0436
54912.3380	6736.0436
44791.3380	4925.0436
51422.3380	2932.0436
45443.3380	4403.0436
45087.3380	5511.0436
47260.3380	5918.0436
48800.3380	2956.0436
45020.3380	8201.0436
43709.3380	4490.0436
41949.3380	5084.0436
48005.3380	3701.0436
45912.3380	8347.0436
45855.3380	4138.0436
48207.3380	3351.0436
47386.3380	2647.0436
48954.3380	4686.0436
49718.3380	2510.0436
43178.3380	6911.0436
49080.3380	1734.0436
49782.3380	1735.0436
47590.3380	3759.0436
48779.3380	3800.0436
48070.3380	3499.0436
44521.3380	6265.0436
47900.3380	5254.0436
45492.3380	5709.0436
47116.3380	4055.0436
47990.3380	4879.0436
46472.3380	1913.0436
46126.3380	2691.0436
46956.3380	3761.0436
45965.3380	642.0436
45268.3380	3869.0436
45654.3380	5347.0436
47011.3380	2947.0436
49957.3380	2249.0436
44125.3380	4664.0436
45116.3380	3968.0436
51929.3380	3459.0436
45511.3380	3830.0436
44976.3380	4352.0436
45731.3380	2646.0436
47309.3380	3169.0436
50653.3380	3422.0436
47106.3380	5758.0436
47159.3380	3585.0436
44609.3380	3086.0436
44869.3380	4557.0436
47853.3380	5748.0436
44160.3380	7272.0436
47268.3380	6280.0436
46553.3380	4076.0436
48883.3380	4785.0436
45669.3380	3738.0436
53044.3380	3204.0436
47531.3380	6089.0436
48213.3380	5219.0436
47565.3380	3355.0436
50517.3380	2588.0436
51314.3380	1996.0436
52097.3380	3446.0436
50635.3380	4181.0436
48395.3380	4207.0436
51471.3380	6202.0436
48622.3380	991.0436
48908.3380	2818.0436
51389.3380	6058.0436
46883.3380	3621.0436
49637.3380	5250.0436
46508.3380	8667.0436
49854.3380	7480.0436
46971.3380	2928.0436
48001.3380	3407.0436
47934.3380	6236.0436
43328.3380	3391.0436
46203.3380	-930.9564
47614.3380	5453.0436
47540.3380	6530.0436
47828.3380	-1092.9564
49301.3380	4145.0436
33109.3380	8887.0436
24449.3380	14683.0436
50293.3380	1148.0436
47770.3380	2524.0436
47120.3380	426.0436
47781.3380	5570.0436
45950.3380	6288.0436
47439.3380	1101.0436
48677.3380	4537.0436
42927.3380	1662.0436
47202.3380	2561.0436
51900.3380	1626.0436
41359.3380	2495.0436
47911.3380	25.0436
51010.3380	3036.0436
47828.3380	5860.0436
51586.3380	6370.0436
44351.3380	2694.0436
48871.3380	6192.0436
44389.3380	2294.0436
45922.3380	2637.0436
48867.3380	3667.0436
44175.3380	-422.9564
44448.3380	3904.0436
49572.3380	-6.9564
44560.3380	6529.0436
42922.3380	1981.0436
42441.3380	5084.0436
48401.3380	4884.0436
51715.3380	1693.0436
47108.3380	3249.0436
48782.3380	2591.0436
53651.3380	4592.0436
51329.3380	4538.0436
59831.3380	4586.0436
48272.3380	6861.0436
45939.3380	1719.0436
52681.3380	2470.0436
50883.3380	3690.0436
45778.3380	4205.0436
53461.3380	7826.0436
53448.3380	6317.0436
51756.3380	3884.0436
50885.3380	1938.0436
53976.3380	2366.0436
60701.3380	1357.0436
50957.3380	5426.0436
54946.3380	7030.0436
47443.3380	1861.0436
44254.3380	2092.0436
48296.3380	2115.0436
50001.3380	6387.0436
45908.3380	5837.0436
53238.3380	3753.0436
56352.3380	1260.0436
50713.3380	2410.0436
52343.3380	5450.0436
52216.3380	4739.0436
52739.3380	5648.0436
52244.3380	4271.0436
53099.3380	6024.0436
52572.3380	1581.0436
48534.3380	2654.0436
49786.3380	4843.0436
52731.3380	4552.0436
51964.3380	3373.0436
51977.3380	291.0436
51611.3380	185.0436
51008.3380	-229.9564
54576.3380	3275.0436
61020.3380	3532.0436
50280.3380	2111.0436
55407.3380	3996.0436
52048.3380	5031.0436
57266.3380	1596.0436
49248.3380	5634.0436
47311.3380	6601.0436
47673.3380	3224.0436
55337.3380	3074.0436
54199.3380	4746.0436
54319.3380	7728.0436
56770.3380	4212.0436
54274.3380	4084.0436
54939.3380	3805.0436
49247.3380	2264.0436
56716.3380	1365.0436
53008.3380	2198.0436
52845.3380	-1023.9564
48754.3380	3286.0436
51139.3380	2892.0436
52261.3380	3912.0436
47568.3380	4693.0436
49208.3380	5084.0436
45355.3380	9333.0436
55952.3380	2804.0436
53603.3380	1397.0436
50840.3380	2764.0436
55166.3380	6559.0436
48860.3380	4355.0436
49065.3380	8135.0436
50908.3380	2843.0436
48849.3380	1081.0436
51102.3380	2525.0436
51333.3380	7335.0436
53132.3380	2038.0436
51374.3380	4435.0436
47370.3380	4920.0436
48128.3380	7765.0436
49030.3380	6502.0436
53126.3380	3345.0436
53811.3380	1375.0436
56360.3380	2045.0436
50883.3380	487.0436
50451.3380	5732.0436
59454.3380	6476.0436
54379.3380	3984.0436
54738.3380	6878.0436
49505.3380	6576.0436
54193.3380	4180.0436
54455.3380	5575.0436
53439.3380	4107.0436
47869.3380	3960.0436
50839.3380	3407.0436
47042.3380	6172.0436
14738.3380	14121.0436
899.3380	-1088.9564
1.3380	1706.0436
4882.3380	2324.0436
-916.6620	2472.0436
1592.3380	-29.9564
843.3380	1945.0436
617.3380	996.0436
1852.3380	1115.0436
-1335.6620	805.0436
-505.6620	-2839.9564
927.3380	-1210.9564
497.3380	1177.0436
1418.3380	-418.9564
256.3380	2300.0436
-74.6620	2210.0436
111.3380	-3080.9564
292.3380	-3291.9564
-153.6620	1463.0436
740.3380	-382.9564
-1211.6620	-773.9564
551.3380	1506.0436
1570.3380	701.0436
-249.6620	-3548.9564
-224.6620	765.0436
-177.6620	-172.9564
-351.6620	2588.0436
-191.6620	-1181.9564
907.3380	1312.0436
252.3380	327.0436
664.3380	-1575.9564
-900.6620	-333.9564
1094.3380	-955.9564
340.3380	4547.0436
361.3380	-908.9564
1101.3380	-938.9564
477.3380	2589.0436
-682.6620	-2805.9564
-40.6620	889.0436
1100.3380	1027.0436
1120.3380	1387.0436
-1054.6620	4536.0436
1479.3380	1573.0436
1087.3380	2681.0436
-62.6620	646.0436
-602.6620	1413.0436
-1060.6620	-3427.9564
-412.6620	1082.0436
-835.6620	1744.0436
1066.3380	685.0436
398.3380	-219.9564
-19.6620	-1385.9564
-36.6620	823.0436
977.3380	-2451.9564
-333.6620	2187.0436
-1316.6620	2671.0436
-193.6620	827.0436
567.3380	2873.0436
-1465.6620	694.0436
649.3380	-306.9564
9.3380	-2738.9564
-168.6620	529.0436
46.3380	3775.0436
396.3380	508.0436
-56.6620	-1242.9564
1110.3380	-161.9564
-291.6620	-1810.9564
-653.6620	-304.9564
1479.3380	1122.0436
241.3380	2749.0436
-395.6620	2016.0436
-525.6620	-1057.9564
519.3380	-945.9564
565.3380	2431.0436
221.3380	-1639.9564
1577.3380	223.0436
-51.6620	2575.0436
-591.6620	731.0436
-1011.6620	-526.9564
141.3380	-471.9564
-75.6620	-1480.9564
-519.6620	-380.9564
1018.3380	1802.0436
-233.6620	602.0436
-645.6620	-1512.9564
132.3380	2864.0436
822.3380	2673.0436
204.3380	920.0436
446.3380	3132.0436
776.3380	2815.0436
1140.3380	-3691.9564
-310.6620	1895.0436
412.3380	-4209.9564
-12.6620	-1899.9564
323.3380	1004.0436
-297.6620	42.0436
2193.3380	514.0436
725.3380	2667.0436
555.3380	544.0436
-538.6620	1224.0436
1290.3380	1253.0436
473.3380	-926.9564
-385.6620	29.0436
536.3380	-1254.9564
-488.6620	-3307.9564
951.3380	-1544.9564
758.3380	-380.9564
-1247.6620	-2691.9564
642.3380	-1915.9564
284.3380	1490.0436
1198.3380	-1055.9564
-28.6620	-2979.9564
-992.6620	-2079.9564
612.3380	1508.0436
-378.6620	-860.9564
3593.3380	441.0436
611.3380	-1655.9564
-445.6620	1097.0436
-777.6620	-956.9564
-385.6620	-2730.9564
830.3380	816.0436
1157.3380	-2208.9564
-134.6620	2803.0436
-109.6620	-668.9564
346.3380	1332.0436
732.3380	1140.0436
-523.6620	1991.0436
-353.6620	-3389.9564
941.3380	2808.0436
1143.3380	2356.0436
1035.3380	-3084.9564
-23.6620	-669.9564
495.3380	-546.9564
-1274.6620	1104.0436
-358.6620	2021.0436
1344.3380	981.0436
47.3380	34.0436
-151.6620	377.0436
482.3380	697.0436
-160.6620	-2750.9564
-490.6620	-888.9564
322.3380	1411.0436
-188.6620	-568.9564
-1089.6620	-495.9564
79.3380	3352.0436
-504.6620	361.0436
286.3380	-605.9564
1260.3380	2516.0436
-108.6620	-2271.9564
429.3380	-228.9564
-746.6620	-1383.9564
-577.6620	-1158.9564
-789.6620	-776.9564
-574.6620	-3674.9564
1166.3380	-415.9564
134.3380	3585.0436
-792.6620	2251.0436
537.3380	-1278.9564
196.3380	-579.9564
1003.3380	1060.0436
48.3380	1688.0436
1664.3380	1640.0436
-544.6620	115.0436
-687.6620	3626.0436
1688.3380	1521.0436
446.3380	-773.9564
15.3380	2300.0436
-750.6620	1097.0436
1260.3380	919.0436
-247.6620	399.0436
-287.6620	1869.0436
-213.6620	108.0436
122.3380	-2316.9564
628.3380	1499.0436
1225.3380	92.0436
424.3380	-567.9564
-310.6620	2936.0436
414.3380	2370.0436
1540.3380	-52.9564
256.3380	527.0436
1987.3380	3001.0436
1289.3380	1703.0436
238.3380	-93.9564
-163.6620	1746.0436
-499.6620	-759.9564
184.3380	-810.9564
149.3380	-161.9564
578.3380	4070.0436
-514.6620	21.0436
-950.6620	-1068.9564
-322.6620	-1565.9564
-596.6620	2974.0436
-1024.6620	1626.0436
356.3380	181.0436
358.3380	-1569.9564
693.3380	3858.0436
451.3380	-2391.9564
-1479.6620	1260.0436
-158.6620	2770.0436
683.3380	2865.0436
-359.6620	287.0436
819.3380	953.0436
751.3380	173.0436
-333.6620	960.0436
-687.6620	1275.0436
-951.6620	-645.9564
757.3380	-838.9564
478.3380	423.0436
-261.6620	72.0436
519.3380	-2606.9564
-545.6620	3008.0436
-387.6620	1358.0436
237.3380	267.0436
-984.6620	-4316.9564
85.3380	-2848.9564
346.3380	-995.9564
245.3380	-484.9564
528.3380	1636.0436
1767.3380	202.0436
-24.6620	-899.9564
910.3380	-1075.9564
-281.6620	1953.0436
1117.3380	2300.0436
-500.6620	474.0436
67.3380	171.0436
-14.6620	36.0436
1814.3380	-1388.9564
1086.3380	1246.0436
722.3380	726.0436
1511.3380	-2485.9564
721.3380	433.0436
-90.6620	728.0436
135.3380	-285.9564
1400.3380	2242.0436
585.3380	2484.0436
654.3380	2225.0436
-312.6620	-1682.9564
-311.6620	-876.9564
-906.6620	-635.9564
-785.6620	1981.0436
-596.6620	-1439.9564
-29.6620	-1034.9564
713.3380	-1803.9564
408.3380	775.0436
1020.3380	-32.9564
-114.6620	2255.0436
-246.6620	-1715.9564
-329.6620	-800.9564
380.3380	-1556.9564
221.3380	2381.0436
-1432.6620	1313.0436
1289.3380	4144.0436
534.3380	-176.9564
-474.6620	715.0436
-1156.6620	1164.0436
-308.6620	-975.9564
-414.6620	2503.0436
-308.6620	728.0436
25.3380	699.0436
-479.6620	1758.0436
-1230.6620	-363.9564
-693.6620	-700.9564
901.3380	3356.0436
152.3380	907.0436
-1560.6620	633.0436
1989.3380	3853.0436
-501.6620	674.0436
-8.6620	934.0436
-883.6620	-2858.9564
414.3380	-1839.9564
2581.3380	2579.0436
-615.6620	-1632.9564
1685.3380	-1386.9564
1462.3380	295.0436
-297.6620	5092.0436
-80.6620	-641.9564
-1289.6620	-572.9564
-180.6620	-1377.9564
-89.6620	1379.0436
-992.6620	-1425.9564
365.3380	-2152.9564
977.3380	-387.9564
154.3380	1759.0436
380.3380	2113.0436
-742.6620	2092.0436
669.3380	391.0436
-514.6620	-1590.9564
-541.6620	847.0436
293.3380	-653.9564
-628.6620	-1177.9564
35.3380	214.0436
890.3380	-1155.9564
215.3380	-474.9564
192.3380	-509.9564
-201.6620	2046.0436
602.3380	29.0436
-242.6620	257.0436
-1331.6620	-256.9564
-531.6620	1571.0436
579.3380	1169.0436
-1138.6620	3839.0436
-382.6620	3554.0436
-345.6620	452.0436
-0.6620	-479.9564
413.3380	1354.0436
-604.6620	2275.0436
763.3380	2757.0436
-144.6620	947.0436
-160.6620	-1984.9564
-115.6620	-2590.9564
1645.3380	-1469.9564
963.3380	120.0436
435.3380	596.0436
-937.6620	-67.9564
-953.6620	3861.0436
-54.6620	4353.0436
1308.3380	-1816.9564
256.3380	464.0436
-1496.6620	-4389.9564
291.3380	-418.9564
1244.3380	167.0436
-1367.6620	-614.9564
341.3380	-2416.9564
3238.3380	-695.9564
-976.6620	1508.0436
-796.6620	-1795.9564
351.3380	-936.9564
-764.6620	1413.0436
-1732.6620	2855.0436
-471.6620	1725.0436
-1178.6620	2170.0436
-716.6620	113.0436
1479.3380	-169.9564
559.3380	-131.9564
183.3380	2998.0436
-721.6620	-298.9564
695.3380	-1782.9564
-2093.6620	1850.0436
-222.6620	-1877.9564
49.3380	-2637.9564
-154.6620	2532.0436
289.3380	-3996.9564
-885.6620	2537.0436
-562.6620	622.0436
-1048.6620	2332.0436
1428.3380	-247.9564
-40.6620	-4285.9564
-874.6620	-1689.9564
253.3380	-1965.9564
-767.6620	232.0436
-363.6620	919.0436
-493.6620	277.0436
1300.3380	985.0436
-530.6620	-1382.9564
-516.6620	-4358.9564
555.3380	-3010.9564
150.3380	19.0436
-1539.6620	-770.9564
-1366.6620	-1133.9564
-573.6620	-1698.9564
441.3380	-301.9564
-1088.6620	-4047.9564
299.3380	-117.9564
-556.6620	153.0436
-1853.6620	225.0436
-1015.6620	373.0436
2369.3380	-2224.9564
3892.3380	443.0436
413.3380	-2348.9564
-517.6620	-3139.9564
-849.6620	1316.0436
342.3380	-390.9564
-434.6620	2586.0436
861.3380	1721.0436
977.3380	2280.0436
-206.6620	-3283.9564
126.3380	-1693.9564
554.3380	-1939.9564
16.3380	-246.9564
1198.3380	-1855.9564
-628.6620	-172.9564
-58.6620	259.0436
-247.6620	2916.0436
185.3380	2334.0436
-216.6620	-456.9564
264.3380	508.0436
-470.6620	1615.0436
-653.6620	125.0436
-661.6620	99.0436
-1231.6620	3501.0436
-506.6620	47.0436
-1070.6620	670.0436
443.3380	1826.0436
-381.6620	-2538.9564
-384.6620	-1252.9564
-983.6620	-1914.9564
430.3380	-266.9564
347.3380	1318.0436
-2.6620	2878.0436
-625.6620	895.0436
-453.6620	-873.9564
-911.6620	1188.0436
-869.6620	2230.0436
-91.6620	-63.9564
-1238.6620	2026.0436
-333.6620	-1722.9564
-809.6620	163.0436
-388.6620	1007.0436
1314.3380	-1570.9564
499.3380	1346.0436
-1125.6620	1351.0436
332.3380	-310.9564
-841.6620	-644.9564
-942.6620	-3121.9564
-264.6620	-2595.9564
600.3380	108.0436
988.3380	-922.9564
111.3380	-3374.9564
-846.6620	-3580.9564
-362.6620	-1995.9564
-688.6620	-389.9564
-602.6620	1783.0436
131.3380	1348.0436
381.3380	-2671.9564
-219.6620	-1383.9564
7.3380	-82.9564
628.3380	519.0436
-842.6620	1380.0436
-1184.6620	-444.9564
-1683.6620	-2046.9564
231.3380	1314.0436
-1198.6620	1980.0436
366.3380	-1515.9564
790.3380	-2935.9564
733.3380	-2096.9564
-1505.6620	-2586.9564
408.3380	-1857.9564
-98.6620	-144.9564
491.3380	-1758.9564
316.3380	38.0436
-1530.6620	298.0436
874.3380	-177.9564
319.3380	872.0436
1127.3380	-441.9564
-1237.6620	-953.9564
141.3380	2007.0436
-438.6620	2734.0436
-2075.6620	2711.0436
428.3380	2897.0436
749.3380	-2195.9564
-947.6620	1980.0436
-499.6620	1797.0436
-911.6620	1205.0436
141.3380	1876.0436
-178.6620	509.0436
19260.3380	7077.0436
-531.6620	384.0436
-1473.6620	-1192.9564
-427.6620	3332.0436
-374.6620	1090.0436
358.3380	889.0436
-803.6620	1433.0436
541.3380	320.0436
-281.6620	2014.0436
615.3380	560.0436
-921.6620	-2674.9564
-1061.6620	-1744.9564
-2412.6620	3789.0436
-1277.6620	758.0436
-2027.6620	1869.0436
327.3380	1316.0436
819.3380	590.0436
612.3380	-2442.9564
-608.6620	2153.0436
-681.6620	3608.0436
-1084.6620	172.0436
-717.6620	1902.0436
-499.6620	1614.0436
-874.6620	-2455.9564
-427.6620	-871.9564
549.3380	-438.9564
383.3380	803.0436
1097.3380	-576.9564
427.3380	616.0436
-1187.6620	2894.0436
660.3380	1567.0436
95.3380	-2195.9564
-501.6620	1625.0436
-229.6620	1375.0436
-450.6620	1949.0436
-1752.6620	35.0436
-686.6620	578.0436
-953.6620	3070.0436
294.3380	2294.0436
-798.6620	2704.0436
130.3380	2222.0436
1247.3380	-2772.9564
-1496.6620	5.0436
-370.6620	1216.0436
-233.6620	-4233.9564
-962.6620	-569.9564
-230.6620	-482.9564
-436.6620	1387.0436
-527.6620	1776.0436
-1071.6620	-1246.9564
-443.6620	-2341.9564
181.3380	-539.9564
-2102.6620	4047.0436
-460.6620	-3001.9564
1458.3380	-1675.9564
1211.3380	-1220.9564
-1457.6620	-160.9564
743.3380	-1107.9564
-1113.6620	3036.0436
268.3380	164.0436
-506.6620	-867.9564
-1455.6620	297.0436
-794.6620	-2134.9564
-1222.6620	-192.9564
-176.6620	2779.0436
-440.6620	1874.0436
689.3380	-3130.9564
-1503.6620	1354.0436
1334.3380	2432.0436
-412.6620	-4374.9564
-680.6620	-1540.9564
318.3380	-1567.9564
39.3380	-3816.9564
-126.6620	2122.0436
-731.6620	773.0436
-1809.6620	520.0436
-811.6620	-3675.9564
-1516.6620	2673.0436
-920.6620	764.0436
-2119.6620	2103.0436
-623.6620	-437.9564
-484.6620	-61.9564
503.3380	-1727.9564
194.3380	-2130.9564
-907.6620	-2013.9564
-2197.6620	-3180.9564
-452.6620	1910.0436
-13.6620	-332.9564
-678.6620	-1382.9564
-1836.6620	-44.9564
-208.6620	-3532.9564
375.3380	-3590.9564
-845.6620	-2709.9564
29.3380	-309.9564
-657.6620	-290.9564
761.3380	299.0436
-27.6620	-927.9564
-665.6620	-3147.9564
-1364.6620	-1958.9564
-339.6620	-858.9564
-1393.6620	-1284.9564
544.3380	1700.0436
-871.6620	-1223.9564
-1120.6620	-813.9564
-786.6620	-2679.9564
1328.3380	-2443.9564
141.3380	-1286.9564
-523.6620	29.0436
-771.6620	1019.0436
-774.6620	1463.0436
-661.6620	845.0436
-981.6620	-997.9564
-60.6620	-3271.9564
-877.6620	2001.0436
-823.6620	3444.0436
-637.6620	1369.0436
-567.6620	141.0436
-502.6620	-533.9564
-664.6620	-1644.9564
-747.6620	678.0436
-858.6620	-2068.9564
-693.6620	-66.9564
-894.6620	-3500.9564
-1082.6620	867.0436
326.3380	-949.9564
-676.6620	-2884.9564
-1335.6620	-2019.9564
-443.6620	206.0436
685.3380	-1708.9564
-1915.6620	-638.9564
-872.6620	-34.9564
-1150.6620	1848.0436
409.3380	438.0436
879.3380	-759.9564
-1662.6620	-3240.9564
-1411.6620	-354.9564
-2148.6620	266.0436
1004.3380	-392.9564
-17.6620	967.0436
-819.6620	-561.9564
-795.6620	-1546.9564
-1343.6620	-1710.9564
686.3380	109.0436
-1085.6620	1149.0436
-1213.6620	-2047.9564
-732.6620	61.0436
-689.6620	19.0436
-1191.6620	-1625.9564
-939.6620	-629.9564
490.3380	2390.0436
-1203.6620	2401.0436
-1081.6620	-1746.9564
95.3380	791.0436
-1620.6620	943.0436
140.3380	-1545.9564
-91.6620	456.0436
-1256.6620	-1548.9564
688.3380	471.0436
-716.6620	-2526.9564
-2243.6620	-1613.9564
76.3380	751.0436
-1093.6620	-814.9564
-696.6620	-3393.9564
-389.6620	-932.9564
-790.6620	-2141.9564
-1415.6620	802.0436
491.3380	-1434.9564
-1176.6620	-271.9564
214.3380	2112.0436
-437.6620	-3652.9564
1109.3380	1884.0436
-140.6620	1543.0436
-1719.6620	1916.0436
-2090.6620	-2250.9564
-376.6620	638.0436
-735.6620	1963.0436
-1578.6620	1046.0436
-50.6620	457.0436
-1191.6620	911.0436
-669.6620	5199.0436
131.3380	1316.0436
-2125.6620	-1376.9564
645.3380	163.0436
-1084.6620	-1469.9564
-715.6620	-2131.9564
-318.6620	1234.0436
-1088.6620	-32.9564
-595.6620	-2219.9564
1129.3380	1244.0436
-1072.6620	-1048.9564
-1499.6620	-2171.9564
-1532.6620	-1803.9564
-534.6620	-2330.9564
-593.6620	-828.9564
-220.6620	2328.0436
-1102.6620	1805.0436
-1273.6620	881.0436
-297.6620	-2739.9564
-107.6620	-1617.9564
-353.6620	1405.0436
575.3380	-2341.9564
-1263.6620	3125.0436
-2114.6620	-1658.9564
-1995.6620	1575.0436
-658.6620	2194.0436
-513.6620	1948.0436
886.3380	-2272.9564
2.3380	-1754.9564
-733.6620	-3157.9564
-1226.6620	823.0436
-528.6620	-959.9564
-642.6620	-272.9564
-1118.6620	-1541.9564
237.3380	1869.0436
1066.3380	-3931.9564
-1430.6620	-2369.9564
-396.6620	-859.9564
166.3380	-1954.9564
554.3380	2807.0436
-646.6620	-301.9564
-1374.6620	2861.0436
-427.6620	352.0436
201.3380	-658.9564
-579.6620	212.0436
-1295.6620	-1456.9564
-669.6620	495.0436
-380.6620	1980.0436
1818.3380	-1233.9564
611.3380	-751.9564
-1406.6620	2126.0436
-117.6620	-1320.9564
-1752.6620	1428.0436
-130.6620	-102.9564
-1210.6620	116.0436
-459.6620	3065.0436
397.3380	527.0436
-889.6620	-126.9564
-515.6620	2699.0436
-161.6620	3098.0436
-1089.6620	990.0436
-1003.6620	-1927.9564
-659.6620	-2355.9564
-577.6620	-2190.9564
18.3380	2060.0436
-379.6620	1082.0436
-271.6620	-2488.9564
-956.6620	-2175.9564
1496.3380	-1439.9564
-1093.6620	403.0436
-23.6620	731.0436
-1391.6620	-771.9564
-1038.6620	1194.0436
-284.6620	210.0436
-829.6620	-1408.9564
-581.6620	451.0436
-1004.6620	-475.9564
-8.6620	-454.9564
-885.6620	1729.0436
-1527.6620	-1663.9564
-893.6620	-3249.9564
75.3380	-1701.9564
151.3380	-3437.9564
-743.6620	-1625.9564
54.3380	-596.9564
-1249.6620	-1240.9564
-510.6620	1439.0436
-1771.6620	-2960.9564
-207.6620	-741.9564
349.3380	901.0436
1447.3380	4512.0436
-431.6620	-1009.9564
-322.6620	1461.0436
-713.6620	1710.0436
-929.6620	-1049.9564
1204.3380	1449.0436
-1014.6620	433.0436
844.3380	1552.0436
-908.6620	2114.0436
-996.6620	1124.0436
-529.6620	1075.0436
-1366.6620	466.0436
-1090.6620	-1607.9564
-985.6620	-512.9564
512.3380	2047.0436
93.3380	-566.9564
-564.6620	344.0436
460.3380	-565.9564
7.3380	3701.0436
-645.6620	1217.0436
-802.6620	977.0436
66.3380	-2920.9564
-918.6620	-3435.9564
-301.6620	3296.0436
-851.6620	945.0436
370.3380	-562.9564
202.3380	-130.9564
-1496.6620	-1614.9564
-227.6620	863.0436
-770.6620	-542.9564
-108.6620	1353.0436
342.3380	-3569.9564
-504.6620	-2582.9564
-1333.6620	-1394.9564
310.3380	-346.9564
-860.6620	191.0436
-892.6620	2056.0436
-764.6620	-5843.9564
-1009.6620	660.0436
-1346.6620	-1633.9564
-1066.6620	954.0436
991.3380	-999.9564
-1551.6620	778.0436
-1566.6620	-455.9564
400.3380	23.0436
-2052.6620	22.0436
179.3380	-1216.9564
159.3380	-1561.9564
-1891.6620	717.0436
-174.6620	1833.0436
-1020.6620	-980.9564
-366.6620	-469.9564
-2347.6620	2450.0436
-1133.6620	-198.9564
-419.6620	-34.9564
-155.6620	-422.9564
-11.6620	-1090.9564
303.3380	-974.9564
1174.3380	-2414.9564
-1381.6620	-2968.9564
-582.6620	336.0436
-1263.6620	798.0436
-964.6620	6747.0436
-1331.6620	-2705.9564
-277.6620	-2515.9564
690.3380	2796.0436
-2010.6620	1274.0436
-1698.6620	7082.0436
-1147.6620	145.0436
-1558.6620	1527.0436
-587.6620	-1023.9564
-462.6620	-2777.9564
-1400.6620	-316.9564
-304.6620	1659.0436
-659.6620	317.0436
-1300.6620	-438.9564
-1070.6620	-533.9564
-2171.6620	795.0436
280.3380	-789.9564
-388.6620	-2432.9564
-498.6620	-1086.9564
249.3380	-2154.9564
-650.6620	1039.0436
-1436.6620	1284.0436
-863.6620	3361.0436
-1378.6620	3012.0436
281.3380	-757.9564
134.3380	-1535.9564
-664.6620	-30.9564
-2387.6620	181.0436
723.3380	870.0436
525.3380	-2028.9564
1318.3380	171.0436
-450.6620	-1004.9564
617.3380	-1275.9564
-826.6620	-0.9564
-1757.6620	-1365.9564
-399.6620	-1950.9564
-626.6620	78.0436
-1590.6620	-3253.9564
-319.6620	-820.9564
-860.6620	-1638.9564
-487.6620	356.0436
-215.6620	48.0436
-1951.6620	595.0436
-1317.6620	1991.0436
-1682.6620	-648.9564
391.3380	-752.9564
-1619.6620	-73.9564
-334.6620	-995.9564
-591.6620	-197.9564
-954.6620	-2009.9564
-1619.6620	1916.0436
-762.6620	86.0436
-1600.6620	1875.0436
-1086.6620	449.0436
-124.6620	546.0436
-776.6620	-637.9564
-751.6620	-1064.9564
-2245.6620	-1352.9564
-218.6620	-114.9564
-2009.6620	-924.9564
634.3380	-874.9564
-2339.6620	674.0436
-910.6620	-999.9564
50.3380	-3301.9564
-729.6620	-2299.9564
-166.6620	-1865.9564
-531.6620	1328.0436
243.3380	458.0436
-551.6620	-1317.9564
-204.6620	-1309.9564
-394.6620	-2616.9564
-1163.6620	-1851.9564
-1250.6620	2422.0436
-836.6620	391.0436
-1147.6620	-4327.9564
-1061.6620	-26.9564
-367.6620	-3916.9564
-2011.6620	-1983.9564
-1448.6620	-1195.9564
-1334.6620	506.0436
-158.6620	-274.9564
-424.6620	-511.9564
-416.6620	-1162.9564
588.3380	-1946.9564
-874.6620	2117.0436
-665.6620	-1276.9564
-869.6620	-172.9564
690.3380	-3297.9564
-779.6620	1917.0436
1199.3380	-1541.9564
803.3380	-530.9564
31.3380	-12.9564
408.3380	1497.0436
-2204.6620	1193.0436
-1321.6620	-145.9564
-1501.6620	-1418.9564
-759.6620	-1086.9564
-944.6620	-1805.9564
1016.3380	494.0436
231.3380	-2578.9564
-243.6620	499.0436
-866.6620	-699.9564
-869.6620	731.0436
451.3380	-923.9564
-573.6620	2411.0436
-614.6620	207.0436
-1037.6620	920.0436
-2236.6620	451.0436
-994.6620	45.0436
-754.6620	668.0436
-790.6620	633.0436
-1097.6620	-1272.9564
243.3380	-3679.9564
-941.6620	320.0436
-1073.6620	923.0436
-2192.6620	-1824.9564
-608.6620	-1704.9564
-926.6620	-191.9564
103.3380	-1016.9564
-411.6620	-1891.9564
-173.6620	-2256.9564
-1152.6620	2173.0436
280.3380	-843.9564
-506.6620	952.0436
-1360.6620	-1630.9564
-280.6620	-486.9564
-685.6620	1654.0436
-1094.6620	736.0436
33.3380	-14.9564
14.3380	1207.0436
-212.6620	1735.0436
904.3380	493.0436
-1976.6620	-1626.9564
