Exported by iSMS
Date: 30-Sep-2026
Movie filename: Ch_3_1_001.tif
FRET pair #86
Dem-Dexc   Aem-Dexc   
56055.7118	7790.0177
57480.7118	8176.0177
59900.7118	8201.0177
57233.7118	8492.0177
61420.7118	6650.0177
54571.7118	4932.0177
56690.7118	6688.0177
55974.7118	5791.0177
57277.7118	7327.0177
53694.7118	7024.0177
53947.7118	5994.0177
60559.7118	6297.0177
54934.7118	7276.0177
55751.7118	2863.0177
54706.7118	6530.0177
55031.7118	6254.0177
51993.7118	7508.0177
53609.7118	6748.0177
55395.7118	4643.0177
54845.7118	5912.0177
52286.7118	4618.0177
56762.7118	1457.0177
51544.7118	2466.0177
53524.7118	8735.0177
54269.7118	5423.0177
58887.7118	9039.0177
51662.7118	6236.0177
54744.7118	7393.0177
57809.7118	5096.0177
49342.7118	2830.0177
51686.7118	4924.0177
51768.7118	2990.0177
56260.7118	7260.0177
53370.7118	8316.0177
53404.7118	5208.0177
55436.7118	4059.0177
53969.7118	6194.0177
51062.7118	3657.0177
50355.7118	5342.0177
55501.7118	3773.0177
50930.7118	11405.0177
55125.7118	4646.0177
50268.7118	7102.0177
54627.7118	4531.0177
54633.7118	5123.0177
50117.7118	7661.0177
48867.7118	6798.0177
51732.7118	4186.0177
53072.7118	3591.0177
52125.7118	4402.0177
55463.7118	6200.0177
56484.7118	4570.0177
54146.7118	4636.0177
49012.7118	5902.0177
46375.7118	8035.0177
50453.7118	2699.0177
55901.7118	6474.0177
56282.7118	3527.0177
47822.7118	5808.0177
48132.7118	3171.0177
50647.7118	8787.0177
50314.7118	12955.0177
50720.7118	8489.0177
52545.7118	8169.0177
50925.7118	3431.0177
50156.7118	1566.0177
48782.7118	6366.0177
51616.7118	4465.0177
53749.7118	7105.0177
53816.7118	7299.0177
49456.7118	6120.0177
48962.7118	2662.0177
46672.7118	2921.0177
51699.7118	4591.0177
53074.7118	5841.0177
52241.7118	6719.0177
48182.7118	5100.0177
50953.7118	6071.0177
51962.7118	7600.0177
51423.7118	2114.0177
51028.7118	1075.0177
51531.7118	6534.0177
48714.7118	3942.0177
48218.7118	1974.0177
48620.7118	4162.0177
51437.7118	7333.0177
47616.7118	6491.0177
50429.7118	1800.0177
44680.7118	4701.0177
49787.7118	3377.0177
53515.7118	8214.0177
56220.7118	3113.0177
47812.7118	3606.0177
49521.7118	4778.0177
45153.7118	6651.0177
44726.7118	6508.0177
49535.7118	6877.0177
48150.7118	4828.0177
53196.7118	5381.0177
54694.7118	3269.0177
49876.7118	5195.0177
46961.7118	5790.0177
49870.7118	4394.0177
48259.7118	4775.0177
47634.7118	2.0177
50188.7118	1254.0177
47682.7118	6301.0177
48626.7118	1088.0177
51372.7118	5175.0177
48533.7118	2853.0177
50607.7118	6031.0177
52450.7118	1192.0177
52316.7118	8557.0177
44779.7118	3007.0177
52090.7118	5217.0177
49199.7118	2599.0177
48554.7118	5303.0177
46371.7118	3135.0177
46406.7118	3160.0177
53844.7118	5522.0177
54439.7118	5432.0177
47455.7118	5704.0177
51221.7118	3245.0177
46226.7118	2348.0177
50971.7118	6844.0177
51288.7118	7520.0177
52776.7118	3629.0177
47062.7118	6714.0177
46666.7118	2934.0177
46865.7118	5840.0177
47304.7118	2992.0177
47154.7118	4394.0177
47636.7118	5448.0177
46879.7118	6696.0177
49072.7118	4766.0177
55186.7118	874.0177
51054.7118	691.0177
48470.7118	4025.0177
50119.7118	7103.0177
47441.7118	8358.0177
51389.7118	5630.0177
47947.7118	2142.0177
49081.7118	4533.0177
42256.7118	3646.0177
45639.7118	1883.0177
48217.7118	3777.0177
52411.7118	3069.0177
50908.7118	6451.0177
44615.7118	3528.0177
51654.7118	3575.0177
49033.7118	5408.0177
50083.7118	2446.0177
50500.7118	4749.0177
50557.7118	4962.0177
47650.7118	6044.0177
47968.7118	4031.0177
45645.7118	3191.0177
45217.7118	7534.0177
44866.7118	2959.0177
44221.7118	1006.0177
45634.7118	2266.0177
49874.7118	-183.9823
51613.7118	-586.9823
48906.7118	5440.0177
49888.7118	2948.0177
50417.7118	2581.0177
51456.7118	4083.0177
49890.7118	6932.0177
47769.7118	2764.0177
50062.7118	3553.0177
52441.7118	2391.0177
50641.7118	6198.0177
47931.7118	6467.0177
49279.7118	5612.0177
53806.7118	4379.0177
53224.7118	3088.0177
51013.7118	7191.0177
52049.7118	3404.0177
52007.7118	7532.0177
50072.7118	3929.0177
48898.7118	5657.0177
53856.7118	5803.0177
47676.7118	3853.0177
46977.7118	2265.0177
45539.7118	4286.0177
43885.7118	1663.0177
47629.7118	7699.0177
46591.7118	8447.0177
49718.7118	4749.0177
43615.7118	672.0177
50919.7118	2737.0177
48286.7118	4069.0177
51836.7118	3407.0177
52383.7118	2752.0177
50910.7118	2649.0177
45744.7118	4824.0177
41959.7118	3380.0177
43955.7118	3222.0177
47210.7118	940.0177
47427.7118	4590.0177
47430.7118	2605.0177
48508.7118	2253.0177
47298.7118	6885.0177
48676.7118	5359.0177
48105.7118	5793.0177
45026.7118	4867.0177
54104.7118	4975.0177
48871.7118	984.0177
48313.7118	5555.0177
50130.7118	7679.0177
50560.7118	5235.0177
53142.7118	3551.0177
55545.7118	6677.0177
50675.7118	3688.0177
49322.7118	7083.0177
54419.7118	3370.0177
53745.7118	6458.0177
51783.7118	4430.0177
54553.7118	3526.0177
49001.7118	879.0177
49471.7118	3624.0177
48708.7118	5005.0177
56044.7118	5072.0177
51412.7118	6401.0177
59389.7118	5810.0177
50473.7118	6735.0177
53703.7118	3450.0177
52041.7118	5807.0177
53596.7118	5942.0177
47195.7118	4952.0177
49746.7118	3017.0177
50149.7118	4174.0177
52900.7118	1810.0177
53714.7118	708.0177
48242.7118	4524.0177
49606.7118	4764.0177
49630.7118	5191.0177
49220.7118	288.0177
54348.7118	5655.0177
49698.7118	3922.0177
49006.7118	5827.0177
52359.7118	3976.0177
50848.7118	4125.0177
49130.7118	3126.0177
50370.7118	6367.0177
50831.7118	3269.0177
51233.7118	2845.0177
52568.7118	3658.0177
49469.7118	3008.0177
51637.7118	874.0177
46695.7118	7971.0177
49810.7118	3370.0177
51424.7118	2389.0177
47873.7118	4555.0177
48354.7118	4247.0177
50655.7118	3614.0177
47433.7118	3295.0177
54771.7118	2442.0177
52546.7118	4941.0177
57345.7118	2855.0177
48861.7118	6336.0177
48927.7118	5285.0177
45851.7118	4492.0177
47207.7118	1996.0177
49775.7118	2282.0177
49272.7118	4967.0177
48350.7118	2117.0177
47522.7118	4003.0177
52395.7118	2938.0177
50422.7118	3145.0177
48849.7118	114.0177
43217.7118	6946.0177
52824.7118	3311.0177
49940.7118	3979.0177
47491.7118	6845.0177
44449.7118	6576.0177
48762.7118	3698.0177
48950.7118	8630.0177
49658.7118	7072.0177
50843.7118	2783.0177
48060.7118	4117.0177
48818.7118	6293.0177
45284.7118	7809.0177
48000.7118	4270.0177
48085.7118	5465.0177
49946.7118	4638.0177
49482.7118	6485.0177
52724.7118	3208.0177
51106.7118	6728.0177
52852.7118	5518.0177
45423.7118	2862.0177
48227.7118	649.0177
50797.7118	11464.0177
49401.7118	-1070.9823
49839.7118	2665.0177
48097.7118	2843.0177
51553.7118	1852.0177
50179.7118	6249.0177
51700.7118	6285.0177
48794.7118	5959.0177
45707.7118	3976.0177
49984.7118	2198.0177
43729.7118	4018.0177
49642.7118	4042.0177
50362.7118	1432.0177
50823.7118	2474.0177
49844.7118	5371.0177
48244.7118	3945.0177
50779.7118	3522.0177
51711.7118	4555.0177
50808.7118	4108.0177
48842.7118	4989.0177
49851.7118	2135.0177
50256.7118	5539.0177
21315.7118	24968.0177
28604.7118	19463.0177
50041.7118	5221.0177
49088.7118	3318.0177
51137.7118	4720.0177
49998.7118	2247.0177
58941.7118	6824.0177
52134.7118	1528.0177
50178.7118	5938.0177
46375.7118	2943.0177
53746.7118	7767.0177
52220.7118	6102.0177
49344.7118	4962.0177
52401.7118	2859.0177
53540.7118	1512.0177
50855.7118	-557.9823
48848.7118	8873.0177
50412.7118	4364.0177
51832.7118	5013.0177
54267.7118	4389.0177
50755.7118	4760.0177
54574.7118	6976.0177
49034.7118	-239.9823
49972.7118	1746.0177
52531.7118	4517.0177
49435.7118	2767.0177
49337.7118	6078.0177
50178.7118	8634.0177
47662.7118	3791.0177
51424.7118	2156.0177
53460.7118	3372.0177
46091.7118	6557.0177
49801.7118	8122.0177
48093.7118	4808.0177
55597.7118	6713.0177
49651.7118	4526.0177
50221.7118	2908.0177
48200.7118	6981.0177
49074.7118	9810.0177
48996.7118	3266.0177
47127.7118	5907.0177
50408.7118	6778.0177
47789.7118	-1287.9823
51707.7118	6158.0177
48060.7118	4909.0177
50005.7118	3593.0177
49716.7118	4202.0177
46833.7118	6015.0177
51364.7118	4179.0177
49801.7118	5413.0177
51764.7118	2551.0177
52238.7118	2188.0177
47959.7118	8450.0177
50482.7118	4771.0177
48982.7118	2653.0177
48822.7118	5478.0177
48002.7118	6005.0177
57438.7118	4754.0177
49106.7118	3222.0177
49926.7118	1613.0177
49347.7118	5651.0177
53943.7118	5201.0177
51183.7118	6139.0177
46423.7118	5087.0177
52344.7118	1231.0177
46615.7118	6536.0177
49671.7118	-221.9823
49741.7118	5866.0177
51577.7118	2360.0177
50004.7118	6981.0177
49301.7118	2324.0177
48690.7118	2101.0177
46926.7118	5956.0177
55140.7118	5316.0177
47604.7118	4733.0177
49145.7118	7602.0177
47926.7118	2712.0177
49004.7118	3939.0177
54020.7118	4227.0177
45783.7118	4732.0177
51540.7118	6830.0177
51151.7118	2979.0177
48028.7118	6471.0177
50356.7118	5688.0177
48775.7118	4678.0177
49854.7118	3394.0177
50158.7118	5467.0177
50164.7118	8070.0177
49290.7118	3843.0177
53814.7118	1267.0177
47361.7118	4344.0177
47994.7118	5040.0177
44953.7118	6209.0177
48811.7118	1491.0177
49629.7118	4518.0177
42879.7118	3049.0177
51275.7118	4196.0177
49020.7118	3577.0177
48002.7118	2351.0177
49963.7118	4151.0177
49231.7118	3217.0177
49666.7118	5544.0177
50310.7118	5504.0177
46723.7118	2167.0177
48281.7118	4672.0177
46224.7118	2375.0177
48813.7118	1723.0177
50162.7118	3107.0177
46653.7118	3658.0177
41672.7118	5223.0177
50039.7118	4812.0177
48464.7118	5121.0177
48561.7118	-826.9823
49819.7118	5301.0177
46983.7118	1621.0177
45180.7118	3843.0177
52607.7118	4085.0177
45399.7118	4841.0177
47767.7118	5343.0177
49010.7118	6487.0177
47680.7118	581.0177
49654.7118	3206.0177
50944.7118	2973.0177
48283.7118	1353.0177
46385.7118	7800.0177
44070.7118	5000.0177
50405.7118	4125.0177
50238.7118	3136.0177
47166.7118	518.0177
46099.7118	6090.0177
51324.7118	7548.0177
45522.7118	3757.0177
47266.7118	1725.0177
44176.7118	4544.0177
48885.7118	1765.0177
46703.7118	2402.0177
49708.7118	4364.0177
42630.7118	4177.0177
48136.7118	5341.0177
51788.7118	7934.0177
46227.7118	4527.0177
49312.7118	2131.0177
47168.7118	4742.0177
51146.7118	5440.0177
48586.7118	5782.0177
48715.7118	6379.0177
47958.7118	10902.0177
46330.7118	5266.0177
51631.7118	5149.0177
47581.7118	5157.0177
48070.7118	6295.0177
47306.7118	6574.0177
49878.7118	8552.0177
46735.7118	6415.0177
46681.7118	3317.0177
46051.7118	9660.0177
48318.7118	3457.0177
48298.7118	6164.0177
47347.7118	5474.0177
46368.7118	4762.0177
49358.7118	6526.0177
51113.7118	7471.0177
50035.7118	5092.0177
48023.7118	6147.0177
44528.7118	7262.0177
47205.7118	4374.0177
43626.7118	4536.0177
47942.7118	3417.0177
46173.7118	3029.0177
48519.7118	159.0177
47820.7118	3885.0177
47993.7118	2235.0177
51949.7118	202.0177
49199.7118	4479.0177
50455.7118	4054.0177
46076.7118	4815.0177
45427.7118	4164.0177
45836.7118	4219.0177
46459.7118	3019.0177
49154.7118	5451.0177
51904.7118	2003.0177
49665.7118	4010.0177
48673.7118	5411.0177
51324.7118	2201.0177
45808.7118	4531.0177
48561.7118	4243.0177
48732.7118	5820.0177
48463.7118	3523.0177
49410.7118	3444.0177
49594.7118	602.0177
47506.7118	3927.0177
49462.7118	1258.0177
49312.7118	5513.0177
52179.7118	1043.0177
45590.7118	1134.0177
47175.7118	790.0177
51437.7118	2804.0177
49462.7118	4191.0177
47607.7118	5986.0177
44650.7118	3644.0177
55624.7118	-577.9823
49207.7118	4978.0177
48991.7118	2515.0177
47850.7118	1966.0177
45005.7118	4642.0177
47785.7118	173.0177
47053.7118	1275.0177
50958.7118	4730.0177
49035.7118	6030.0177
50400.7118	4008.0177
47515.7118	1630.0177
45968.7118	2429.0177
44019.7118	6225.0177
45789.7118	4274.0177
48981.7118	6183.0177
47952.7118	3967.0177
46299.7118	2096.0177
47134.7118	5780.0177
47011.7118	2974.0177
46479.7118	5338.0177
45662.7118	90.0177
44451.7118	2683.0177
43992.7118	1507.0177
47860.7118	3964.0177
42881.7118	3901.0177
47849.7118	2678.0177
44659.7118	317.0177
41130.7118	-1174.9823
46260.7118	893.0177
49970.7118	-765.9823
47030.7118	3007.0177
44062.7118	6033.0177
42987.7118	2668.0177
48023.7118	5692.0177
46389.7118	3633.0177
44724.7118	2803.0177
47232.7118	3235.0177
49031.7118	349.0177
48425.7118	380.0177
46512.7118	3750.0177
44495.7118	4414.0177
48341.7118	5959.0177
51625.7118	6818.0177
47252.7118	6572.0177
48081.7118	4372.0177
48170.7118	4745.0177
47593.7118	2733.0177
50543.7118	3256.0177
47355.7118	1728.0177
49495.7118	1681.0177
50913.7118	2506.0177
46606.7118	3270.0177
47883.7118	8158.0177
44355.7118	5273.0177
47404.7118	3870.0177
50626.7118	5985.0177
50218.7118	3929.0177
50760.7118	3702.0177
50080.7118	1653.0177
45540.7118	2835.0177
45977.7118	3280.0177
46420.7118	5295.0177
51152.7118	3720.0177
49122.7118	5372.0177
50002.7118	5386.0177
46299.7118	1894.0177
50252.7118	3970.0177
47623.7118	1756.0177
46428.7118	3783.0177
49007.7118	2715.0177
48995.7118	-850.9823
43839.7118	4444.0177
49755.7118	3539.0177
52427.7118	4442.0177
47567.7118	5066.0177
48376.7118	5143.0177
49360.7118	5711.0177
47311.7118	3597.0177
44387.7118	4991.0177
47140.7118	2152.0177
49088.7118	8545.0177
46476.7118	3815.0177
43675.7118	2182.0177
48334.7118	4916.0177
43657.7118	6349.0177
44732.7118	4863.0177
46150.7118	4257.0177
48199.7118	1039.0177
49279.7118	3318.0177
52065.7118	3490.0177
49450.7118	3322.0177
48940.7118	3450.0177
49186.7118	1910.0177
47431.7118	5582.0177
48439.7118	4454.0177
48933.7118	2151.0177
49603.7118	2882.0177
49068.7118	7283.0177
50848.7118	5949.0177
45876.7118	1891.0177
48954.7118	6114.0177
45523.7118	3169.0177
46376.7118	2196.0177
45724.7118	3321.0177
49583.7118	83.0177
44576.7118	3652.0177
48740.7118	2285.0177
46036.7118	-753.9823
48194.7118	1374.0177
46959.7118	1465.0177
48405.7118	283.0177
47665.7118	3744.0177
51207.7118	1950.0177
44622.7118	5076.0177
47578.7118	2608.0177
50447.7118	2191.0177
46366.7118	4733.0177
43625.7118	-1167.9823
48354.7118	4607.0177
45652.7118	4265.0177
48683.7118	2582.0177
49605.7118	3360.0177
47919.7118	10608.0177
50012.7118	4168.0177
47020.7118	3636.0177
47868.7118	921.0177
52919.7118	2797.0177
46745.7118	1195.0177
46673.7118	7174.0177
43624.7118	3069.0177
47934.7118	7517.0177
48701.7118	7171.0177
46470.7118	4757.0177
48871.7118	1039.0177
48259.7118	1247.0177
50440.7118	5849.0177
43016.7118	3818.0177
47575.7118	6074.0177
50575.7118	4526.0177
45948.7118	2807.0177
48117.7118	5826.0177
46816.7118	4814.0177
52537.7118	3367.0177
48795.7118	3151.0177
49826.7118	6043.0177
43997.7118	2691.0177
48227.7118	5906.0177
46876.7118	4260.0177
42760.7118	1553.0177
48271.7118	3664.0177
46498.7118	221.0177
50725.7118	4606.0177
47001.7118	559.0177
48165.7118	-598.9823
46489.7118	4970.0177
48071.7118	1158.0177
52354.7118	3859.0177
46888.7118	5062.0177
46085.7118	8770.0177
44257.7118	1408.0177
44552.7118	7700.0177
46534.7118	2186.0177
47551.7118	3381.0177
46951.7118	1561.0177
46083.7118	513.0177
42160.7118	3372.0177
46422.7118	1507.0177
47025.7118	2312.0177
40539.7118	2724.0177
47485.7118	2702.0177
48025.7118	4745.0177
39823.7118	4982.0177
43889.7118	932.0177
45564.7118	3563.0177
45288.7118	1079.0177
47598.7118	3586.0177
45656.7118	2617.0177
46139.7118	4467.0177
31753.7118	10313.0177
46562.7118	2476.0177
40784.7118	2543.0177
44987.7118	4587.0177
43698.7118	3611.0177
45726.7118	5066.0177
43911.7118	5281.0177
47223.7118	2539.0177
46038.7118	3600.0177
48415.7118	1682.0177
47981.7118	2106.0177
44011.7118	4079.0177
46793.7118	3692.0177
49797.7118	1940.0177
44916.7118	2706.0177
49916.7118	-212.9823
49080.7118	3637.0177
49662.7118	-434.9823
47130.7118	2586.0177
45565.7118	3272.0177
46359.7118	3873.0177
46516.7118	4329.0177
43477.7118	4905.0177
45866.7118	541.0177
46800.7118	3145.0177
47854.7118	4348.0177
46009.7118	5303.0177
44556.7118	1662.0177
45959.7118	4609.0177
44747.7118	5238.0177
45562.7118	2867.0177
45816.7118	2776.0177
43528.7118	1631.0177
45702.7118	2338.0177
41229.7118	2595.0177
47147.7118	5596.0177
42765.7118	3328.0177
46248.7118	797.0177
45009.7118	2432.0177
47495.7118	1813.0177
48258.7118	4776.0177
45441.7118	2818.0177
43272.7118	1060.0177
45797.7118	3978.0177
44218.7118	3707.0177
44266.7118	4661.0177
43109.7118	5371.0177
44167.7118	6900.0177
43572.7118	4412.0177
46413.7118	2026.0177
46015.7118	3752.0177
48060.7118	-776.9823
45094.7118	1753.0177
45983.7118	2909.0177
46203.7118	3416.0177
45530.7118	5550.0177
46274.7118	4036.0177
46030.7118	5596.0177
45480.7118	-1390.9823
5252.7118	230.0177
809.7118	-1580.9823
-768.2882	621.0177
740.7118	1111.0177
-162.2882	-1047.9823
582.7118	-2978.9823
-817.2882	-2592.9823
-1076.2882	417.0177
630.7118	-1587.9823
-671.2882	-1363.9823
-826.2882	-824.9823
288.7118	2238.0177
-1120.2882	-485.9823
196.7118	1668.0177
-292.2882	-227.9823
1163.7118	1660.0177
-586.2882	1543.0177
1051.7118	1131.0177
-174.2882	3875.0177
304.7118	-2392.9823
-1063.2882	-251.9823
911.7118	639.0177
-62.2882	1688.0177
-1343.2882	-3234.9823
370.7118	739.0177
-1246.2882	1711.0177
-40.2882	1611.0177
-576.2882	-8.9823
653.7118	-821.9823
-276.2882	-1358.9823
289.7118	-4430.9823
-512.2882	-1292.9823
241.7118	1260.0177
664.7118	-1196.9823
805.7118	-786.9823
1611.7118	-329.9823
408.7118	-565.9823
411.7118	1705.0177
-227.2882	1801.0177
84.7118	591.0177
-690.2882	-1069.9823
-808.2882	-1897.9823
-273.2882	-308.9823
144.7118	-892.9823
1054.7118	1455.0177
349.7118	-1119.9823
-583.2882	-2702.9823
57.7118	749.0177
-184.2882	1727.0177
-165.2882	2123.0177
-683.2882	-206.9823
-681.2882	-179.9823
-842.2882	4029.0177
-173.2882	817.0177
-597.2882	-78.9823
354.7118	1066.0177
223.7118	2105.0177
701.7118	2990.0177
-85.2882	-2603.9823
-343.2882	4270.0177
791.7118	2376.0177
-1015.2882	-2464.9823
-2135.2882	447.0177
882.7118	-1720.9823
23.7118	3046.0177
-581.2882	1228.0177
-486.2882	-791.9823
-192.2882	-2311.9823
200.7118	-1066.9823
-739.2882	2381.0177
157.7118	-2256.9823
-719.2882	-41.9823
764.7118	2933.0177
-1578.2882	-1666.9823
370.7118	-3211.9823
539.7118	473.0177
266.7118	-465.9823
-1311.2882	33.0177
-1115.2882	-2439.9823
1090.7118	-2821.9823
1204.7118	-277.9823
-700.2882	-6143.9823
-352.2882	1439.0177
421.7118	-899.9823
-616.2882	-1555.9823
833.7118	-2995.9823
682.7118	-1243.9823
-85.2882	-1505.9823
109.7118	1184.0177
861.7118	2076.0177
-86.2882	2438.0177
-770.2882	1223.0177
-105.2882	-2524.9823
-264.2882	3782.0177
159.7118	-4000.9823
38.7118	-758.9823
-116.2882	1610.0177
-685.2882	752.0177
-1172.2882	-214.9823
-224.2882	-2495.9823
645.7118	2911.0177
-367.2882	-835.9823
-951.2882	-3554.9823
1200.7118	1597.0177
-35.2882	390.0177
1646.7118	147.0177
-1603.2882	1646.0177
-728.2882	1391.0177
-798.2882	-1184.9823
-291.2882	1471.0177
598.7118	-433.9823
-705.2882	2281.0177
21.7118	-2327.9823
-106.2882	384.0177
-457.2882	546.0177
-839.2882	-2226.9823
-9.2882	1469.0177
-1192.2882	-964.9823
-583.2882	-2162.9823
-746.2882	7103.0177
-462.2882	-967.9823
-972.2882	-850.9823
586.7118	-266.9823
-542.2882	-3697.9823
74.7118	-2010.9823
-710.2882	-820.9823
386.7118	-1525.9823
-277.2882	-1738.9823
-442.2882	1447.0177
-145.2882	-1067.9823
-725.2882	539.0177
1599.7118	-229.9823
-1082.2882	-2471.9823
1093.7118	775.0177
913.7118	-2772.9823
483.7118	3046.0177
213.7118	-3464.9823
12.7118	-2196.9823
52.7118	899.0177
450.7118	-608.9823
485.7118	-298.9823
-423.2882	-2910.9823
310.7118	-2132.9823
625.7118	-1517.9823
146.7118	363.0177
-247.2882	-2206.9823
1275.7118	267.0177
393.7118	-1342.9823
-1111.2882	-1662.9823
-680.2882	3796.0177
437.7118	985.0177
796.7118	2034.0177
-574.2882	3085.0177
-620.2882	-722.9823
199.7118	-1797.9823
-201.2882	-2794.9823
-933.2882	1431.0177
-472.2882	-641.9823
894.7118	598.0177
-240.2882	-790.9823
-670.2882	-2554.9823
-1254.2882	1932.0177
-1658.2882	1688.0177
-880.2882	4852.0177
-137.2882	1600.0177
609.7118	442.0177
-758.2882	897.0177
-1181.2882	-1591.9823
-1038.2882	1341.0177
-1060.2882	915.0177
128.7118	1412.0177
53.7118	546.0177
339.7118	-328.9823
-748.2882	-211.9823
-1057.2882	514.0177
-839.2882	1052.0177
-262.2882	1902.0177
-585.2882	1611.0177
-1723.2882	-1488.9823
-1240.2882	-148.9823
-576.2882	2106.0177
-973.2882	809.0177
-958.2882	-349.9823
-613.2882	1787.0177
-1102.2882	2992.0177
-1179.2882	269.0177
673.7118	206.0177
28.7118	-618.9823
125.7118	-3632.9823
-657.2882	4158.0177
375.7118	-362.9823
-921.2882	-873.9823
622.7118	-4685.9823
-246.2882	-4383.9823
947.7118	1094.0177
-241.2882	-3186.9823
-276.2882	-775.9823
-790.2882	-2074.9823
610.7118	559.0177
-764.2882	-761.9823
-89.2882	2045.0177
-478.2882	-2054.9823
-383.2882	-1347.9823
-573.2882	-2196.9823
-1377.2882	1241.0177
-1093.2882	1106.0177
352.7118	-4680.9823
217.7118	-416.9823
-409.2882	1322.0177
-137.2882	142.0177
-61.2882	-1721.9823
-791.2882	658.0177
-505.2882	-2473.9823
474.7118	-1622.9823
-1162.2882	-1136.9823
8.7118	-2236.9823
-1015.2882	-274.9823
-743.2882	392.0177
-1224.2882	1404.0177
-843.2882	-3264.9823
46.7118	-140.9823
-419.2882	-1677.9823
-404.2882	1967.0177
620.7118	518.0177
-199.2882	2460.0177
-547.2882	466.0177
-847.2882	402.0177
-1390.2882	452.0177
17.7118	2900.0177
524.7118	480.0177
882.7118	-623.9823
-837.2882	-868.9823
-1106.2882	-1997.9823
35.7118	-888.9823
482.7118	-1575.9823
-1004.2882	1225.0177
-975.2882	1538.0177
-2196.2882	1755.0177
102.7118	5273.0177
-658.2882	1896.0177
1955.7118	-867.9823
-228.2882	-2729.9823
-547.2882	386.0177
-1322.2882	757.0177
518.7118	2108.0177
-169.2882	-1206.9823
-637.2882	-3435.9823
-1009.2882	-265.9823
-1168.2882	2150.0177
-1321.2882	-1289.9823
-691.2882	2518.0177
-745.2882	-1342.9823
482.7118	596.0177
9.7118	-502.9823
429.7118	3103.0177
-143.2882	-174.9823
18.7118	1939.0177
579.7118	-867.9823
-797.2882	-3228.9823
-336.2882	-893.9823
791.7118	-1126.9823
-155.2882	1875.0177
566.7118	-2551.9823
-473.2882	-903.9823
742.7118	-1160.9823
177.7118	3204.0177
111.7118	2079.0177
971.7118	4650.0177
-918.2882	707.0177
-1825.2882	-2549.9823
264.7118	-1207.9823
1005.7118	-375.9823
-922.2882	-1061.9823
-431.2882	-440.9823
-327.2882	-1971.9823
-1234.2882	-1546.9823
-1300.2882	-2279.9823
-422.2882	-2759.9823
667.7118	1194.0177
-924.2882	-2417.9823
-669.2882	-169.9823
262.7118	-2081.9823
403.7118	-98.9823
-58.2882	772.0177
-198.2882	-2733.9823
383.7118	-1400.9823
1138.7118	-1199.9823
493.7118	-1659.9823
-875.2882	262.0177
147.7118	-2073.9823
-1092.2882	1240.0177
147.7118	1051.0177
-976.2882	47.0177
-559.2882	-2079.9823
597.7118	519.0177
-405.2882	2226.0177
-532.2882	259.0177
-1083.2882	1015.0177
17.7118	1115.0177
-1059.2882	39.0177
-607.2882	768.0177
-1052.2882	-301.9823
1141.7118	-1587.9823
1149.7118	-964.9823
590.7118	1263.0177
-391.2882	-1139.9823
-818.2882	2003.0177
-413.2882	-746.9823
-902.2882	4061.0177
232.7118	1026.0177
-240.2882	-1130.9823
-600.2882	-2211.9823
122.7118	-1679.9823
-1266.2882	463.0177
-997.2882	2431.0177
333.7118	-474.9823
-1114.2882	-3992.9823
1112.7118	709.0177
217.7118	230.0177
-452.2882	755.0177
-837.2882	-772.9823
169.7118	2100.0177
713.7118	856.0177
-1544.2882	1292.0177
-477.2882	1116.0177
-655.2882	-459.9823
-664.2882	-335.9823
-674.2882	-4066.9823
27.7118	174.0177
-1069.2882	2485.0177
-943.2882	1224.0177
303.7118	-1386.9823
-621.2882	-996.9823
-455.2882	3913.0177
-139.2882	-3499.9823
-1069.2882	-275.9823
232.7118	121.0177
1438.7118	-995.9823
0.7118	2666.0177
-955.2882	939.0177
-1804.2882	241.0177
845.7118	1966.0177
-442.2882	2296.0177
97.7118	2523.0177
-238.2882	4702.0177
173.7118	1111.0177
-139.2882	-4178.9823
-792.2882	-1409.9823
-450.2882	2396.0177
448.7118	-1831.9823
-1147.2882	1056.0177
-1013.2882	-1551.9823
225.7118	-11.9823
222.7118	4239.0177
-528.2882	2139.0177
523.7118	1325.0177
509.7118	-2810.9823
-917.2882	609.0177
-746.2882	-1406.9823
-737.2882	2046.0177
-745.2882	-4507.9823
695.7118	979.0177
-551.2882	-3230.9823
-253.2882	856.0177
-131.2882	4338.0177
-275.2882	-1270.9823
-417.2882	-951.9823
538.7118	1052.0177
-1018.2882	1439.0177
-646.2882	-2098.9823
-633.2882	105.0177
827.7118	-887.9823
115.7118	2552.0177
-878.2882	8825.0177
-967.2882	6428.0177
-447.2882	-1681.9823
104.7118	1285.0177
-861.2882	1395.0177
-1023.2882	-314.9823
1137.7118	-909.9823
-93.2882	-687.9823
-123.2882	-1392.9823
330.7118	-2456.9823
1006.7118	-746.9823
-310.2882	-1082.9823
-1092.2882	-764.9823
1941.7118	-1895.9823
-950.2882	-3358.9823
-1000.2882	543.0177
-481.2882	-1183.9823
-318.2882	1494.0177
410.7118	47.0177
-926.2882	-2367.9823
-813.2882	1568.0177
-947.2882	170.0177
-512.2882	-3334.9823
-905.2882	-101.9823
-942.2882	-949.9823
23.7118	2788.0177
-1681.2882	-523.9823
-1569.2882	1082.0177
1483.7118	-579.9823
-446.2882	2050.0177
238.7118	785.0177
-1033.2882	-753.9823
-1116.2882	667.0177
-468.2882	3482.0177
272.7118	-3096.9823
-856.2882	1180.0177
632.7118	-1010.9823
985.7118	-519.9823
4.7118	-1035.9823
493.7118	-200.9823
163.7118	-2074.9823
-331.2882	-2254.9823
-767.2882	1199.0177
-90.2882	-1958.9823
-89.2882	926.0177
-907.2882	-758.9823
-127.2882	1195.0177
-544.2882	-690.9823
-573.2882	-407.9823
-13.2882	2473.0177
1332.7118	228.0177
838.7118	-831.9823
383.7118	-2297.9823
-869.2882	1232.0177
-651.2882	-144.9823
890.7118	1359.0177
967.7118	3200.0177
-551.2882	5310.0177
-716.2882	2798.0177
1047.7118	1746.0177
369.7118	994.0177
-596.2882	9958.0177
-577.2882	661.0177
-1407.2882	-2451.9823
-704.2882	1415.0177
1715.7118	1257.0177
-717.2882	11.0177
-108.2882	2689.0177
1113.7118	-3186.9823
-1036.2882	876.0177
-807.2882	-861.9823
1139.7118	727.0177
-69.2882	337.0177
328.7118	-1681.9823
972.7118	128.0177
-1027.2882	-3844.9823
