Exported by iSMS
Date: 30-Sep-2026
Movie filename: Ch_3_1_001.tif
FRET pair #94
Dem-Dexc   Aem-Dexc   
56582.6220	9793.6822
58060.6220	7971.6822
55010.6220	8242.6822
52679.6220	5012.6822
58430.6220	6906.6822
54217.6220	8142.6822
56155.6220	6925.6822
57681.6220	8347.6822
55778.6220	5952.6822
54155.6220	7268.6822
55823.6220	7964.6822
52001.6220	8166.6822
58059.6220	6196.6822
59165.6220	10075.6822
54204.6220	8114.6822
53303.6220	5082.6822
53836.6220	4546.6822
54542.6220	4608.6822
54476.6220	7533.6822
53276.6220	6272.6822
57648.6220	4512.6822
49454.6220	6246.6822
48103.6220	2593.6822
47292.6220	2219.6822
47159.6220	4275.6822
46205.6220	4997.6822
46392.6220	5160.6822
43972.6220	5091.6822
48560.6220	5926.6822
46200.6220	6391.6822
44058.6220	4171.6822
46408.6220	11064.6822
47705.6220	4693.6822
42586.6220	7571.6822
45411.6220	5443.6822
41729.6220	7584.6822
43746.6220	5494.6822
46991.6220	7518.6822
43389.6220	5326.6822
44837.6220	3730.6822
41655.6220	2830.6822
42163.6220	5847.6822
47175.6220	5389.6822
43549.6220	6120.6822
50417.6220	6849.6822
51433.6220	7593.6822
48245.6220	6060.6822
48126.6220	5425.6822
55806.6220	8315.6822
53949.6220	4700.6822
50272.6220	5796.6822
52233.6220	6055.6822
51765.6220	926.6822
51326.6220	6303.6822
45846.6220	4877.6822
45629.6220	6092.6822
51491.6220	4649.6822
47030.6220	1243.6822
48070.6220	4781.6822
51032.6220	3408.6822
50450.6220	7010.6822
50868.6220	4347.6822
46776.6220	5676.6822
49877.6220	8005.6822
50441.6220	3759.6822
50239.6220	2463.6822
52262.6220	3141.6822
52561.6220	2375.6822
47343.6220	6698.6822
45528.6220	6292.6822
47584.6220	4444.6822
48808.6220	3521.6822
46870.6220	5090.6822
47800.6220	8508.6822
43368.6220	4631.6822
45102.6220	4429.6822
45670.6220	4355.6822
45682.6220	5373.6822
44176.6220	2989.6822
45540.6220	5544.6822
45576.6220	6026.6822
48534.6220	7237.6822
46810.6220	7489.6822
47180.6220	2456.6822
46970.6220	2216.6822
47012.6220	3910.6822
44788.6220	4403.6822
49697.6220	1367.6822
51390.6220	3627.6822
46839.6220	795.6822
45708.6220	3367.6822
48469.6220	224.6822
50677.6220	5473.6822
45440.6220	6657.6822
44837.6220	-20.3178
49998.6220	3854.6822
48294.6220	903.6822
51059.6220	6183.6822
50365.6220	9035.6822
44226.6220	4792.6822
52454.6220	4367.6822
48221.6220	5643.6822
52246.6220	8727.6822
50885.6220	3387.6822
43423.6220	5018.6822
44438.6220	7194.6822
39315.6220	2801.6822
47149.6220	1421.6822
44959.6220	5813.6822
42888.6220	6006.6822
47263.6220	7138.6822
46810.6220	6850.6822
49313.6220	7554.6822
40672.6220	4619.6822
42878.6220	3078.6822
50982.6220	2050.6822
50809.6220	1087.6822
45036.6220	5903.6822
41843.6220	3368.6822
45202.6220	2479.6822
42175.6220	5573.6822
43144.6220	5252.6822
44243.6220	6052.6822
40805.6220	5692.6822
40286.6220	4045.6822
43424.6220	6659.6822
47809.6220	5752.6822
48040.6220	6371.6822
45283.6220	4150.6822
45376.6220	3691.6822
43405.6220	3532.6822
44724.6220	3840.6822
47270.6220	3234.6822
43092.6220	4307.6822
49526.6220	2767.6822
44483.6220	5582.6822
45360.6220	6899.6822
48789.6220	3479.6822
45590.6220	1500.6822
51233.6220	5968.6822
46377.6220	7236.6822
47700.6220	5689.6822
47887.6220	2548.6822
46559.6220	3921.6822
44480.6220	1859.6822
47871.6220	4654.6822
48103.6220	4234.6822
47182.6220	3158.6822
41796.6220	4084.6822
46453.6220	4771.6822
49187.6220	9688.6822
51114.6220	5998.6822
46417.6220	333.6822
49458.6220	2690.6822
48592.6220	4567.6822
52203.6220	4553.6822
51152.6220	3562.6822
48316.6220	3327.6822
49638.6220	5351.6822
52559.6220	4186.6822
45827.6220	782.6822
48747.6220	5259.6822
49100.6220	7046.6822
51566.6220	8144.6822
51402.6220	4717.6822
49016.6220	6408.6822
46513.6220	2416.6822
46209.6220	2543.6822
49966.6220	3355.6822
44937.6220	3636.6822
48758.6220	2346.6822
52238.6220	3197.6822
43312.6220	2018.6822
46126.6220	2806.6822
50112.6220	7154.6822
52913.6220	1126.6822
45994.6220	5420.6822
43558.6220	4914.6822
50948.6220	4810.6822
46940.6220	1634.6822
45916.6220	3517.6822
52392.6220	6117.6822
44716.6220	5324.6822
51846.6220	4166.6822
48419.6220	-74.3178
50367.6220	2158.6822
45862.6220	4389.6822
48146.6220	3676.6822
47451.6220	4065.6822
46052.6220	5749.6822
46337.6220	4070.6822
47167.6220	2671.6822
49415.6220	5431.6822
48882.6220	6529.6822
50024.6220	5706.6822
46929.6220	1589.6822
49096.6220	2909.6822
48754.6220	5268.6822
51636.6220	5406.6822
51470.6220	-87.3178
49205.6220	7148.6822
46590.6220	3985.6822
49403.6220	5169.6822
47431.6220	6195.6822
51356.6220	6160.6822
45528.6220	3352.6822
50893.6220	4113.6822
50068.6220	4393.6822
51300.6220	4113.6822
47639.6220	7233.6822
49780.6220	4830.6822
49351.6220	4550.6822
52283.6220	3355.6822
46703.6220	4596.6822
49616.6220	5646.6822
50866.6220	3548.6822
46523.6220	2718.6822
48153.6220	2029.6822
47742.6220	8066.6822
50918.6220	3572.6822
46049.6220	1174.6822
48913.6220	3556.6822
48914.6220	1395.6822
50811.6220	763.6822
46242.6220	3668.6822
49079.6220	3094.6822
47233.6220	2402.6822
47007.6220	5464.6822
49092.6220	2918.6822
46342.6220	724.6822
50434.6220	6596.6822
47088.6220	2618.6822
46638.6220	5776.6822
43145.6220	2672.6822
46632.6220	3996.6822
49234.6220	1676.6822
51276.6220	3279.6822
48001.6220	2699.6822
46474.6220	3037.6822
48759.6220	2078.6822
46914.6220	1911.6822
51794.6220	4122.6822
46167.6220	828.6822
48789.6220	-157.3178
46962.6220	2627.6822
48943.6220	1212.6822
49258.6220	1800.6822
46143.6220	2300.6822
50476.6220	8142.6822
49882.6220	5193.6822
49461.6220	6597.6822
55950.6220	1857.6822
53747.6220	5723.6822
50407.6220	2396.6822
46056.6220	3508.6822
56446.6220	4916.6822
52469.6220	2850.6822
53031.6220	5550.6822
48367.6220	4338.6822
49654.6220	3556.6822
49466.6220	2935.6822
55971.6220	4257.6822
46000.6220	6304.6822
48776.6220	5119.6822
49391.6220	215.6822
47482.6220	3847.6822
49303.6220	339.6822
51138.6220	9025.6822
49583.6220	1598.6822
48765.6220	6209.6822
48552.6220	3343.6822
47250.6220	1897.6822
50598.6220	1168.6822
53302.6220	3041.6822
49182.6220	3753.6822
50880.6220	3164.6822
51065.6220	4240.6822
50220.6220	4155.6822
51853.6220	6899.6822
50989.6220	5525.6822
53374.6220	3504.6822
51786.6220	1817.6822
50036.6220	4294.6822
48153.6220	1325.6822
50088.6220	3486.6822
47189.6220	5552.6822
48102.6220	3423.6822
47223.6220	5804.6822
48191.6220	2906.6822
51210.6220	3433.6822
43999.6220	3973.6822
51626.6220	5542.6822
44902.6220	6762.6822
49389.6220	3085.6822
47406.6220	2613.6822
47015.6220	3251.6822
46728.6220	5896.6822
46694.6220	7055.6822
43174.6220	5167.6822
44990.6220	2416.6822
49206.6220	2321.6822
47833.6220	1809.6822
44664.6220	2582.6822
47814.6220	4173.6822
48765.6220	2795.6822
47127.6220	7571.6822
49260.6220	4853.6822
44263.6220	3001.6822
47442.6220	3973.6822
47106.6220	2057.6822
48733.6220	5182.6822
48416.6220	2319.6822
46271.6220	7250.6822
45837.6220	6762.6822
46249.6220	1475.6822
48541.6220	3116.6822
51018.6220	4388.6822
43249.6220	7672.6822
45949.6220	4494.6822
45291.6220	3328.6822
45582.6220	3674.6822
42181.6220	4941.6822
43241.6220	3539.6822
42356.6220	4327.6822
45274.6220	4946.6822
42121.6220	3297.6822
42316.6220	1469.6822
44380.6220	4374.6822
45098.6220	-354.3178
42605.6220	776.6822
44986.6220	608.6822
41745.6220	2993.6822
46417.6220	2975.6822
42989.6220	2226.6822
43297.6220	4283.6822
46952.6220	2127.6822
49646.6220	666.6822
40019.6220	2933.6822
45824.6220	3744.6822
42450.6220	1912.6822
44877.6220	1798.6822
44718.6220	4702.6822
42091.6220	-64.3178
51068.6220	734.6822
48593.6220	4303.6822
49320.6220	5122.6822
47405.6220	3050.6822
52133.6220	1762.6822
50866.6220	2153.6822
47112.6220	1083.6822
43968.6220	3298.6822
44100.6220	4867.6822
41100.6220	-467.3178
37303.6220	8920.6822
44438.6220	5522.6822
41296.6220	3698.6822
43119.6220	-328.3178
45387.6220	3909.6822
48310.6220	5199.6822
42263.6220	2193.6822
44527.6220	2639.6822
42688.6220	2664.6822
39433.6220	6848.6822
42670.6220	2654.6822
42055.6220	4762.6822
42993.6220	5987.6822
43782.6220	4049.6822
43961.6220	2898.6822
50423.6220	435.6822
48833.6220	3981.6822
43728.6220	5218.6822
48211.6220	765.6822
47310.6220	4980.6822
48719.6220	1384.6822
50310.6220	3041.6822
52217.6220	580.6822
46819.6220	2658.6822
49082.6220	2804.6822
51854.6220	6164.6822
52463.6220	5281.6822
49305.6220	4416.6822
46325.6220	4523.6822
52704.6220	3735.6822
56049.6220	5536.6822
53325.6220	6492.6822
51706.6220	6060.6822
51094.6220	7250.6822
48983.6220	3678.6822
46820.6220	5590.6822
49800.6220	1058.6822
47825.6220	1267.6822
55222.6220	5547.6822
51980.6220	2708.6822
46922.6220	2089.6822
54945.6220	2747.6822
54291.6220	3391.6822
54833.6220	3546.6822
50198.6220	4221.6822
50886.6220	1593.6822
53323.6220	2260.6822
54695.6220	9769.6822
52239.6220	3574.6822
50022.6220	5016.6822
49313.6220	5529.6822
53050.6220	1935.6822
46890.6220	2424.6822
45581.6220	1548.6822
46435.6220	3546.6822
44512.6220	1149.6822
46388.6220	5288.6822
49396.6220	-695.3178
49300.6220	3095.6822
46795.6220	2855.6822
45750.6220	4622.6822
50392.6220	2787.6822
47165.6220	3937.6822
49449.6220	4611.6822
46087.6220	3681.6822
50793.6220	1271.6822
43373.6220	3893.6822
45475.6220	3588.6822
44535.6220	3167.6822
44692.6220	1418.6822
48935.6220	4125.6822
45879.6220	3072.6822
43929.6220	4554.6822
48509.6220	4462.6822
43754.6220	953.6822
45727.6220	2678.6822
44642.6220	2375.6822
48627.6220	5137.6822
45487.6220	4321.6822
57022.6220	3716.6822
52031.6220	4136.6822
47787.6220	2643.6822
50661.6220	3848.6822
54217.6220	2403.6822
52016.6220	2839.6822
54539.6220	7216.6822
52346.6220	3453.6822
55518.6220	4721.6822
45929.6220	3413.6822
50934.6220	5933.6822
47647.6220	1878.6822
52228.6220	5565.6822
51389.6220	1716.6822
50882.6220	7859.6822
51302.6220	802.6822
53061.6220	3176.6822
50544.6220	3514.6822
51300.6220	4908.6822
41371.6220	872.6822
43604.6220	4764.6822
45473.6220	2583.6822
46876.6220	1528.6822
45852.6220	3542.6822
49313.6220	2054.6822
49680.6220	5990.6822
52694.6220	6834.6822
53820.6220	2752.6822
54157.6220	2208.6822
48991.6220	5100.6822
49402.6220	3230.6822
45496.6220	6759.6822
55150.6220	5327.6822
49884.6220	4276.6822
46892.6220	1939.6822
34218.6220	14917.6822
28157.6220	19801.6822
24473.6220	17215.6822
24458.6220	17535.6822
25960.6220	18615.6822
24294.6220	14843.6822
26529.6220	18287.6822
22513.6220	19168.6822
23582.6220	19183.6822
26450.6220	21262.6822
26799.6220	18218.6822
27526.6220	18511.6822
24278.6220	19715.6822
26500.6220	15952.6822
25175.6220	18848.6822
27073.6220	20608.6822
26501.6220	17603.6822
24699.6220	23488.6822
23554.6220	17876.6822
48320.6220	4667.6822
43840.6220	3572.6822
48900.6220	8072.6822
52677.6220	4146.6822
50026.6220	6148.6822
11685.6220	1111.6822
-342.3780	1054.6822
-1245.3780	3052.6822
1360.6220	333.6822
590.6220	-342.3178
-343.3780	348.6822
24.6220	1091.6822
-481.3780	686.6822
-1151.3780	-813.3178
-593.3780	2038.6822
357.6220	-1334.3178
1464.6220	2727.6822
71.6220	-504.3178
-58.3780	721.6822
199.6220	214.6822
-605.3780	76.6822
313.6220	-889.3178
163.6220	-75.3178
1169.6220	2185.6822
149.6220	330.6822
1736.6220	1593.6822
-1101.3780	640.6822
-990.3780	-1253.3178
423.6220	1826.6822
-567.3780	3487.6822
1110.6220	-448.3178
1309.6220	-1642.3178
545.6220	309.6822
23.6220	-966.3178
221.6220	-3872.3178
875.6220	-30.3178
342.6220	302.6822
332.6220	1236.6822
632.6220	2715.6822
-514.3780	2536.6822
9.6220	-19.3178
-801.3780	2436.6822
224.6220	1505.6822
17.6220	954.6822
298.6220	-751.3178
15.6220	-749.3178
793.6220	-1336.3178
118.6220	-517.3178
49.6220	1877.6822
376.6220	3641.6822
776.6220	837.6822
1967.6220	161.6822
-207.3780	1497.6822
1220.6220	497.6822
-745.3780	3452.6822
-145.3780	1719.6822
-351.3780	3513.6822
388.6220	-567.3178
201.6220	2323.6822
1801.6220	4617.6822
-412.3780	-1015.3178
1132.6220	1084.6822
733.6220	-656.3178
131.6220	222.6822
-57.3780	-1131.3178
707.6220	1778.6822
148.6220	-655.3178
584.6220	2007.6822
1127.6220	957.6822
506.6220	270.6822
557.6220	-25.3178
809.6220	132.6822
-27.3780	-1075.3178
-29.3780	1388.6822
990.6220	-1868.3178
669.6220	1411.6822
-162.3780	5630.6822
1918.6220	805.6822
-635.3780	1473.6822
988.6220	1318.6822
1914.6220	-1641.3178
821.6220	1806.6822
395.6220	1448.6822
651.6220	-1350.3178
304.6220	-3048.3178
54.6220	-2606.3178
-501.3780	3384.6822
-448.3780	-1758.3178
211.6220	-310.3178
-378.3780	-2502.3178
725.6220	-3734.3178
792.6220	-479.3178
-402.3780	3781.6822
551.6220	-1067.3178
264.6220	-978.3178
790.6220	3228.6822
-1214.3780	-1352.3178
506.6220	-3252.3178
-643.3780	788.6822
-58.3780	-1390.3178
66.6220	-90.3178
-169.3780	-874.3178
-115.3780	150.6822
75.6220	-26.3178
3621.6220	8757.6822
1549.6220	-1848.3178
769.6220	279.6822
1904.6220	194.6822
303.6220	-23.3178
354.6220	-1721.3178
27.6220	2329.6822
675.6220	-1477.3178
-349.3780	-1858.3178
-1125.3780	-1901.3178
573.6220	1906.6822
134.6220	4883.6822
-678.3780	1352.6822
228.6220	939.6822
159.6220	1530.6822
587.6220	613.6822
201.6220	-811.3178
1426.6220	211.6822
-542.3780	2582.6822
22.6220	565.6822
-1366.3780	-2287.3178
-264.3780	-1301.3178
1327.6220	1204.6822
695.6220	729.6822
383.6220	1287.6822
1011.6220	-187.3178
1210.6220	-625.3178
322.6220	2217.6822
653.6220	-270.3178
1236.6220	2336.6822
1588.6220	-1840.3178
407.6220	-2993.3178
-26.3780	-1666.3178
1171.6220	428.6822
610.6220	1287.6822
-1078.3780	-2731.3178
721.6220	-1067.3178
132.6220	1780.6822
-953.3780	-265.3178
2109.6220	-761.3178
690.6220	-1069.3178
552.6220	-1428.3178
992.6220	2104.6822
555.6220	-2061.3178
52.6220	-333.3178
-680.3780	-1538.3178
558.6220	-835.3178
1262.6220	2829.6822
1337.6220	-176.3178
355.6220	-1197.3178
112.6220	242.6822
-593.3780	-375.3178
1550.6220	145.6822
1319.6220	597.6822
-250.3780	-621.3178
-311.3780	-993.3178
48.6220	866.6822
571.6220	-865.3178
118.6220	2525.6822
-384.3780	-68.3178
-521.3780	-578.3178
133.6220	1450.6822
-296.3780	780.6822
-293.3780	1020.6822
11.6220	1559.6822
-562.3780	-920.3178
514.6220	-3858.3178
-523.3780	843.6822
-761.3780	2465.6822
-107.3780	-2483.3178
570.6220	434.6822
-183.3780	2007.6822
138.6220	883.6822
648.6220	1253.6822
1008.6220	419.6822
424.6220	-710.3178
1351.6220	-1803.3178
-623.3780	-287.3178
-478.3780	25.6822
-353.3780	-961.3178
1749.6220	-210.3178
602.6220	2740.6822
1847.6220	1708.6822
-662.3780	-1013.3178
205.6220	-1374.3178
-577.3780	-426.3178
-51.3780	-2152.3178
-270.3780	441.6822
639.6220	716.6822
-18.3780	700.6822
757.6220	-1203.3178
347.6220	-186.3178
-127.3780	-1274.3178
894.6220	2048.6822
-382.3780	773.6822
711.6220	-4127.3178
-392.3780	1804.6822
214.6220	-995.3178
1203.6220	-269.3178
416.6220	-1596.3178
915.6220	2777.6822
-28.3780	7217.6822
668.6220	3110.6822
-17.3780	-459.3178
1986.6220	1712.6822
90.6220	3908.6822
-310.3780	-895.3178
55.6220	2485.6822
1513.6220	547.6822
144.6220	841.6822
-224.3780	3984.6822
1356.6220	909.6822
399.6220	-1165.3178
-1283.3780	761.6822
-222.3780	1719.6822
1340.6220	-1255.3178
-1852.3780	4768.6822
-331.3780	-3462.3178
752.6220	-1661.3178
694.6220	-2013.3178
-1059.3780	-2247.3178
72.6220	657.6822
395.6220	-1699.3178
1181.6220	-581.3178
-1116.3780	-1093.3178
-786.3780	-1160.3178
-487.3780	-829.3178
-149.3780	-2625.3178
-1217.3780	3822.6822
583.6220	-1249.3178
360.6220	84.6822
650.6220	1942.6822
1259.6220	-3479.3178
858.6220	-1424.3178
-692.3780	-1559.3178
761.6220	1453.6822
405.6220	1019.6822
-1305.3780	987.6822
426.6220	-2280.3178
1221.6220	-1951.3178
666.6220	668.6822
826.6220	241.6822
397.6220	-2596.3178
-360.3780	660.6822
-1568.3780	-1449.3178
606.6220	-1562.3178
1231.6220	-2047.3178
-509.3780	-1309.3178
10.6220	1243.6822
-1725.3780	-433.3178
-1015.3780	3451.6822
2624.6220	-1768.3178
-90.3780	-494.3178
562.6220	2517.6822
344.6220	2048.6822
33.6220	1464.6822
1477.6220	1776.6822
-656.3780	-1059.3178
205.6220	1462.6822
1243.6220	-2768.3178
-1219.3780	-1592.3178
-1445.3780	-196.3178
-332.3780	-2506.3178
724.6220	1914.6822
-476.3780	-2341.3178
-1331.3780	-3046.3178
-2.3780	-2421.3178
567.6220	-1440.3178
-1106.3780	240.6822
-249.3780	-520.3178
229.6220	4506.6822
-531.3780	-2990.3178
-1361.3780	458.6822
-225.3780	3395.6822
-798.3780	-2305.3178
-2541.3780	-1426.3178
-330.3780	3206.6822
-217.3780	-1737.3178
748.6220	-1099.3178
-619.3780	-782.3178
-799.3780	1317.6822
53.6220	514.6822
-905.3780	-1269.3178
422.6220	-705.3178
385.6220	-2492.3178
1240.6220	-1887.3178
-968.3780	-1957.3178
-1694.3780	37.6822
1513.6220	-256.3178
185.6220	1284.6822
531.6220	599.6822
622.6220	-1837.3178
671.6220	2760.6822
-739.3780	-2585.3178
-2064.3780	-3683.3178
-576.3780	-4242.3178
2072.6220	-1358.3178
-495.3780	181.6822
307.6220	-2042.3178
-750.3780	-810.3178
-373.3780	-2272.3178
271.6220	-444.3178
-801.3780	2116.6822
133.6220	238.6822
834.6220	996.6822
-196.3780	-1324.3178
499.6220	-903.3178
1027.6220	2044.6822
-631.3780	1418.6822
571.6220	-889.3178
-471.3780	-1464.3178
181.6220	-506.3178
-1116.3780	-1823.3178
-912.3780	-2374.3178
-1025.3780	-919.3178
-552.3780	-677.3178
127.6220	-1343.3178
1236.6220	-3816.3178
-411.3780	-1214.3178
-1727.3780	176.6822
239.6220	-1133.3178
-276.3780	-1098.3178
440.6220	-267.3178
-131.3780	2852.6822
-700.3780	1284.6822
1145.6220	140.6822
400.6220	-822.3178
1353.6220	-226.3178
768.6220	1213.6822
1617.6220	-2332.3178
596.6220	62.6822
1843.6220	-717.3178
520.6220	-920.3178
-789.3780	-2079.3178
545.6220	147.6822
1714.6220	35.6822
-745.3780	1275.6822
213.6220	19.6822
-1012.3780	1272.6822
-1526.3780	269.6822
1533.6220	-1424.3178
-344.3780	-2035.3178
-255.3780	708.6822
699.6220	-3650.3178
-260.3780	-924.3178
-765.3780	-305.3178
0.6220	1818.6822
-9.3780	-1710.3178
-325.3780	-1057.3178
-18.3780	464.6822
168.6220	-1235.3178
68.6220	-639.3178
-344.3780	79.6822
392.6220	343.6822
-765.3780	1762.6822
217.6220	-885.3178
-697.3780	431.6822
-237.3780	-452.3178
1001.6220	-1043.3178
326.6220	-245.3178
1822.6220	2357.6822
1691.6220	-211.3178
-1560.3780	-1763.3178
-350.3780	88.6822
512.6220	2586.6822
-727.3780	-861.3178
-1631.3780	-3827.3178
2128.6220	659.6822
-910.3780	3918.6822
1068.6220	845.6822
-339.3780	240.6822
544.6220	-3048.3178
-945.3780	3649.6822
1848.6220	697.6822
-1229.3780	-603.3178
-727.3780	440.6822
-332.3780	-599.3178
-427.3780	-394.3178
-16.3780	1370.6822
599.6220	-280.3178
871.6220	-1263.3178
-1098.3780	2851.6822
-512.3780	-77.3178
371.6220	217.6822
-1089.3780	400.6822
518.6220	-3800.3178
-1178.3780	1440.6822
275.6220	502.6822
253.6220	-733.3178
-1299.3780	1212.6822
722.6220	-1068.3178
-253.3780	-2629.3178
-68.3780	-78.3178
3013.6220	1687.6822
-492.3780	-960.3178
-1200.3780	-671.3178
-1136.3780	-1176.3178
-783.3780	-1842.3178
34.6220	1877.6822
-174.3780	-2395.3178
-559.3780	-1067.3178
63.6220	-136.3178
-1055.3780	769.6822
-690.3780	1763.6822
-449.3780	482.6822
128.6220	-3938.3178
1695.6220	-681.3178
602.6220	-1254.3178
-125.3780	102.6822
725.6220	-1835.3178
-375.3780	-5698.3178
-1745.3780	973.6822
255.6220	-1345.3178
2089.6220	1016.6822
-879.3780	1658.6822
421.6220	1031.6822
-73.3780	2625.6822
433.6220	1411.6822
792.6220	995.6822
729.6220	-1096.3178
619.6220	843.6822
-490.3780	2223.6822
252.6220	-2530.3178
-1356.3780	-1967.3178
328.6220	-1450.3178
-753.3780	-2757.3178
-375.3780	-164.3178
853.6220	-3917.3178
314.6220	2058.6822
1214.6220	744.6822
-410.3780	319.6822
-335.3780	3547.6822
-1090.3780	-473.3178
-514.3780	-119.3178
473.6220	-1380.3178
540.6220	-2843.3178
272.6220	-148.3178
31.6220	-845.3178
879.6220	-1660.3178
1115.6220	-1821.3178
4511.6220	-2039.3178
-452.3780	-2757.3178
-1141.3780	-679.3178
-441.3780	368.6822
-1497.3780	2287.6822
-799.3780	188.6822
-847.3780	131.6822
952.6220	1138.6822
-703.3780	880.6822
8.6220	87.6822
495.6220	-2311.3178
1168.6220	-1558.3178
-524.3780	-2356.3178
531.6220	808.6822
1188.6220	3578.6822
126.6220	2055.6822
414.6220	1222.6822
1254.6220	499.6822
675.6220	-1645.3178
-457.3780	-966.3178
1585.6220	2010.6822
-249.3780	-347.3178
339.6220	3458.6822
135.6220	1863.6822
1065.6220	-134.3178
-11.3780	481.6822
-406.3780	945.6822
1209.6220	2952.6822
-686.3780	370.6822
-221.3780	275.6822
187.6220	-871.3178
373.6220	2860.6822
-683.3780	2286.6822
309.6220	-1083.3178
743.6220	1238.6822
-322.3780	1868.6822
-452.3780	-2104.3178
-133.3780	-2453.3178
-968.3780	1294.6822
-579.3780	-2855.3178
-548.3780	777.6822
-210.3780	-55.3178
-1873.3780	858.6822
-1338.3780	563.6822
-297.3780	-920.3178
348.6220	-1894.3178
-724.3780	-1083.3178
-1060.3780	-2671.3178
1266.6220	-1920.3178
-2030.3780	-1689.3178
158.6220	-611.3178
-345.3780	1696.6822
526.6220	-830.3178
-3.3780	-2501.3178
170.6220	-1763.3178
-456.3780	-173.3178
-261.3780	2559.6822
338.6220	-26.3178
76.6220	-2821.3178
-903.3780	-2613.3178
-674.3780	-888.3178
-1746.3780	-186.3178
165.6220	2925.6822
-1165.3780	-944.3178
122.6220	-1857.3178
-912.3780	81.6822
610.6220	-475.3178
-1062.3780	-3044.3178
-309.3780	-1097.3178
-867.3780	-1217.3178
-200.3780	-1423.3178
-722.3780	1079.6822
-137.3780	93.6822
-1777.3780	-2009.3178
42.6220	-1264.3178
710.6220	1497.6822
492.6220	-242.3178
-204.3780	1957.6822
-453.3780	-941.3178
2664.6220	-880.3178
-789.3780	-82.3178
84.6220	-600.3178
69.6220	950.6822
-1.3780	1191.6822
-1415.3780	-3262.3178
221.6220	-833.3178
200.6220	1697.6822
149.6220	-4173.3178
-737.3780	-1511.3178
-1313.3780	2315.6822
-107.3780	-577.3178
-583.3780	1468.6822
1273.6220	-1464.3178
-1008.3780	-1781.3178
-363.3780	1952.6822
-972.3780	-782.3178
-887.3780	-1614.3178
-584.3780	2258.6822
-639.3780	-1531.3178
1232.6220	1320.6822
-734.3780	578.6822
-1146.3780	792.6822
500.6220	871.6822
-609.3780	-436.3178
881.6220	2992.6822
-848.3780	-1347.3178
136.6220	-930.3178
-730.3780	-355.3178
-748.3780	3697.6822
-234.3780	-1098.3178
1033.6220	-994.3178
660.6220	-161.3178
688.6220	-541.3178
-1023.3780	2234.6822
-715.3780	-4804.3178
-206.3780	-2314.3178
-5.3780	-162.3178
1477.6220	-768.3178
-303.3780	1579.6822
202.6220	-1292.3178
-409.3780	3175.6822
-144.3780	427.6822
-197.3780	2023.6822
-413.3780	1534.6822
-459.3780	690.6822
-637.3780	1585.6822
-715.3780	310.6822
160.6220	920.6822
-294.3780	2230.6822
1495.6220	4349.6822
746.6220	2392.6822
-533.3780	16740.6822
-391.3780	2182.6822
-1047.3780	-100.3178
119.6220	-228.3178
-61.3780	1505.6822
81.6220	4309.6822
-1842.3780	1777.6822
392.6220	7024.6822
64.6220	733.6822
-184.3780	1270.6822
-192.3780	563.6822
626.6220	3090.6822
205.6220	-1400.3178
-294.3780	1520.6822
93.6220	1696.6822
-1327.3780	2532.6822
544.6220	-455.3178
-652.3780	-1737.3178
-649.3780	-880.3178
-283.3780	-2371.3178
-220.3780	-989.3178
-642.3780	-287.3178
-1243.3780	-1978.3178
765.6220	1155.6822
-742.3780	1637.6822
-1199.3780	-1236.3178
-772.3780	761.6822
-564.3780	2879.6822
-113.3780	897.6822
-494.3780	-764.3178
-1155.3780	751.6822
1848.6220	868.6822
-1236.3780	-585.3178
21.6220	2118.6822
-858.3780	-2952.3178
-1315.3780	-904.3178
290.6220	-265.3178
527.6220	610.6822
197.6220	4232.6822
-449.3780	891.6822
-1308.3780	-844.3178
-616.3780	-1274.3178
915.6220	-431.3178
240.6220	-1157.3178
634.6220	1978.6822
-1275.3780	199.6822
-1100.3780	-1221.3178
82.6220	489.6822
-137.3780	580.6822
-508.3780	-696.3178
-98.3780	-1544.3178
-270.3780	-110.3178
-599.3780	978.6822
-1412.3780	1321.6822
-608.3780	3592.6822
154.6220	-1399.3178
586.6220	-1010.3178
-147.3780	-3414.3178
-1234.3780	-238.3178
-1101.3780	-724.3178
-1379.3780	-2005.3178
425.6220	2260.6822
-918.3780	83.6822
764.6220	-2255.3178
-753.3780	-2825.3178
-1249.3780	-3532.3178
-580.3780	-1647.3178
-923.3780	-335.3178
946.6220	-134.3178
-533.3780	-1003.3178
-446.3780	173.6822
-697.3780	732.6822
-627.3780	1924.6822
-725.3780	130.6822
-511.3780	-2166.3178
-257.3780	194.6822
157.6220	10.6822
-1105.3780	461.6822
-1798.3780	1215.6822
-364.3780	-3374.3178
-458.3780	-1716.3178
37.6220	-187.3178
451.6220	1487.6822
37.6220	325.6822
-1044.3780	2061.6822
114.6220	-1322.3178
-626.3780	1118.6822
-523.3780	535.6822
186.6220	1507.6822
-500.3780	1453.6822
-1185.3780	-103.3178
610.6220	-1515.3178
-840.3780	-218.3178
-1355.3780	-148.3178
-210.3780	4403.6822
-796.3780	-1521.3178
-307.3780	-2155.3178
-1267.3780	-1951.3178
-660.3780	200.6822
776.6220	-854.3178
-365.3780	463.6822
887.6220	-377.3178
107.6220	-373.3178
-1082.3780	-194.3178
-670.3780	533.6822
-1104.3780	-3637.3178
-720.3780	1274.6822
-312.3780	-689.3178
-1794.3780	693.6822
-224.3780	2578.6822
109.6220	-829.3178
734.6220	1328.6822
-472.3780	1254.6822
-235.3780	2365.6822
-1013.3780	-3430.3178
-1539.3780	-3288.3178
-37.3780	-2086.3178
-685.3780	1676.6822
-689.3780	-749.3178
-459.3780	1175.6822
-719.3780	-3114.3178
-865.3780	-634.3178
-1190.3780	-1174.3178
-422.3780	-1657.3178
-326.3780	-521.3178
-1423.3780	-1255.3178
-1737.3780	-1131.3178
311.6220	-382.3178
-764.3780	-2234.3178
1159.6220	-2544.3178
-505.3780	-448.3178
-1126.3780	198.6822
-1024.3780	18.6822
-893.3780	-4235.3178
-948.3780	2252.6822
276.6220	-332.3178
-112.3780	312.6822
-801.3780	1785.6822
-1295.3780	-1339.3178
