Exported by iSMS
Date: 30-Sep-2026
Movie filename: Ch_3_1_001.tif
FRET pair #123
Dem-Dexc   Aem-Dexc   
50860.6144	9691.0218
51261.6144	4564.0218
48665.6144	10350.0218
52081.6144	5537.0218
47273.6144	6107.0218
46249.6144	11123.0218
50315.6144	12979.0218
50132.6144	7202.0218
42664.6144	10258.0218
49862.6144	8547.0218
52389.6144	11237.0218
47520.6144	9919.0218
50763.6144	9023.0218
54177.6144	9344.0218
50567.6144	6085.0218
49510.6144	5559.0218
51323.6144	8190.0218
51015.6144	7066.0218
48924.6144	2366.0218
47785.6144	5030.0218
48872.6144	5197.0218
51413.6144	3623.0218
48226.6144	4995.0218
52467.6144	2088.0218
50423.6144	5876.0218
45558.6144	4774.0218
48124.6144	5354.0218
46156.6144	6473.0218
48084.6144	4063.0218
46213.6144	5306.0218
48582.6144	2900.0218
49755.6144	6603.0218
50530.6144	6235.0218
45607.6144	6343.0218
44292.6144	6390.0218
45961.6144	4039.0218
52171.6144	5137.0218
49896.6144	2726.0218
50528.6144	4176.0218
50422.6144	9262.0218
51269.6144	2987.0218
51763.6144	6078.0218
47868.6144	4434.0218
52259.6144	3520.0218
47744.6144	2245.0218
51103.6144	6932.0218
44210.6144	5690.0218
48552.6144	7148.0218
51569.6144	-809.9782
49486.6144	3118.0218
48795.6144	6123.0218
51267.6144	4388.0218
51580.6144	5882.0218
51158.6144	3932.0218
49365.6144	6645.0218
50171.6144	4646.0218
49673.6144	5279.0218
50786.6144	4044.0218
49264.6144	6846.0218
53634.6144	5251.0218
52963.6144	6059.0218
54919.6144	9770.0218
53314.6144	5167.0218
53449.6144	2591.0218
52647.6144	4874.0218
51474.6144	5761.0218
53634.6144	4544.0218
55042.6144	2586.0218
50257.6144	2191.0218
48747.6144	1390.0218
50523.6144	5424.0218
51524.6144	7937.0218
48834.6144	4522.0218
50150.6144	8628.0218
56324.6144	4831.0218
53574.6144	2915.0218
46937.6144	4859.0218
47736.6144	6769.0218
49492.6144	3893.0218
49268.6144	5409.0218
45447.6144	4309.0218
47274.6144	3888.0218
45664.6144	2451.0218
47559.6144	8346.0218
49535.6144	3102.0218
46245.6144	1723.0218
46233.6144	4455.0218
46739.6144	4552.0218
44547.6144	649.0218
47101.6144	6344.0218
42962.6144	-1276.9782
45354.6144	323.0218
47583.6144	1517.0218
42003.6144	5186.0218
47379.6144	1305.0218
44980.6144	1489.0218
43212.6144	3080.0218
50842.6144	523.0218
45110.6144	4571.0218
46228.6144	3590.0218
45266.6144	2263.0218
43828.6144	2717.0218
49930.6144	3357.0218
48089.6144	3170.0218
47326.6144	819.0218
42137.6144	4846.0218
43560.6144	2527.0218
43636.6144	2926.0218
41754.6144	3912.0218
46344.6144	4055.0218
44864.6144	9440.0218
45134.6144	3425.0218
45449.6144	6719.0218
46313.6144	5837.0218
46773.6144	3274.0218
49971.6144	976.0218
46321.6144	3364.0218
43156.6144	2795.0218
44743.6144	4488.0218
40100.6144	3980.0218
42844.6144	-1010.9782
48258.6144	2776.0218
40905.6144	5188.0218
46376.6144	3801.0218
49067.6144	727.0218
50459.6144	4185.0218
45112.6144	3419.0218
47496.6144	-1.9782
46383.6144	2653.0218
44212.6144	5804.0218
45897.6144	5408.0218
49211.6144	6103.0218
45041.6144	222.0218
50224.6144	4238.0218
46932.6144	1617.0218
45791.6144	5896.0218
48109.6144	5662.0218
50301.6144	7902.0218
46517.6144	5152.0218
47761.6144	-1231.9782
45689.6144	4936.0218
43219.6144	6063.0218
42499.6144	2928.0218
39642.6144	5312.0218
42151.6144	6185.0218
40570.6144	6226.0218
43889.6144	5406.0218
44144.6144	6007.0218
43626.6144	3853.0218
45539.6144	785.0218
49843.6144	469.0218
47862.6144	2792.0218
43405.6144	4140.0218
44035.6144	5771.0218
42361.6144	5217.0218
44197.6144	2892.0218
47309.6144	4491.0218
43925.6144	5919.0218
45145.6144	178.0218
46212.6144	3248.0218
44961.6144	3382.0218
44871.6144	3243.0218
43464.6144	4167.0218
49432.6144	1518.0218
44132.6144	-635.9782
47659.6144	1820.0218
48457.6144	1747.0218
49100.6144	4244.0218
48418.6144	2580.0218
48728.6144	3913.0218
47170.6144	40.0218
46954.6144	6435.0218
45811.6144	3971.0218
46783.6144	3301.0218
46335.6144	4474.0218
49358.6144	6072.0218
42510.6144	1136.0218
41149.6144	374.0218
46371.6144	4596.0218
43739.6144	2738.0218
44830.6144	2475.0218
46457.6144	6653.0218
41535.6144	1049.0218
42263.6144	6283.0218
46864.6144	3785.0218
50415.6144	407.0218
55814.6144	2695.0218
49208.6144	3453.0218
54162.6144	2146.0218
52280.6144	4523.0218
50070.6144	4126.0218
47509.6144	4865.0218
48169.6144	4490.0218
21762.6144	14061.0218
19188.6144	21207.0218
39913.6144	10736.0218
47976.6144	5209.0218
49198.6144	6012.0218
41676.6144	518.0218
38744.6144	2941.0218
44830.6144	2049.0218
45906.6144	3765.0218
48477.6144	6312.0218
49151.6144	2827.0218
50590.6144	5233.0218
47866.6144	6545.0218
49207.6144	3623.0218
51907.6144	2836.0218
49183.6144	1625.0218
41167.6144	1725.0218
45523.6144	779.0218
46468.6144	2346.0218
44040.6144	2463.0218
41602.6144	5056.0218
47746.6144	4301.0218
42651.6144	4446.0218
46092.6144	1189.0218
52328.6144	3405.0218
48282.6144	5215.0218
50934.6144	-1187.9782
48650.6144	4952.0218
52459.6144	2458.0218
50992.6144	2499.0218
49819.6144	6249.0218
46142.6144	139.0218
53704.6144	2927.0218
52059.6144	6623.0218
48421.6144	1994.0218
51072.6144	5311.0218
52093.6144	1507.0218
51560.6144	1417.0218
52029.6144	6696.0218
49593.6144	5127.0218
47965.6144	7759.0218
48958.6144	3958.0218
47433.6144	4259.0218
49722.6144	1750.0218
48108.6144	956.0218
48327.6144	2698.0218
47345.6144	7168.0218
47667.6144	771.0218
50160.6144	3810.0218
48285.6144	1142.0218
48410.6144	7690.0218
51527.6144	3134.0218
49701.6144	2705.0218
47650.6144	6414.0218
48693.6144	4620.0218
48578.6144	5087.0218
48302.6144	2926.0218
49277.6144	-241.9782
48987.6144	4498.0218
49641.6144	3229.0218
48163.6144	3547.0218
46081.6144	1378.0218
50125.6144	4454.0218
51653.6144	3089.0218
46056.6144	-110.9782
48877.6144	1987.0218
51284.6144	2060.0218
50724.6144	3414.0218
49964.6144	2480.0218
48857.6144	4656.0218
51000.6144	538.0218
47385.6144	2369.0218
47229.6144	625.0218
42496.6144	1407.0218
51324.6144	2203.0218
49509.6144	1493.0218
46875.6144	6024.0218
49005.6144	5119.0218
49110.6144	2486.0218
50306.6144	6087.0218
47434.6144	3030.0218
51686.6144	6358.0218
50041.6144	3311.0218
45134.6144	3080.0218
50024.6144	2785.0218
48016.6144	7249.0218
49839.6144	5176.0218
47697.6144	7919.0218
49188.6144	4619.0218
10930.6144	333.0218
3286.6144	1437.0218
1975.6144	1223.0218
1391.6144	331.0218
2543.6144	-1466.9782
3909.6144	-947.9782
1459.6144	2826.0218
2793.6144	570.0218
2220.6144	-1546.9782
1954.6144	-51.9782
1870.6144	137.0218
2902.6144	-216.9782
1573.6144	-3733.9782
840.6144	-2064.9782
2938.6144	1202.0218
3415.6144	1107.0218
1551.6144	-1694.9782
3401.6144	2278.0218
2333.6144	2004.0218
946.6144	3515.0218
2697.6144	-1020.9782
2274.6144	1845.0218
2206.6144	986.0218
1006.6144	-337.9782
993.6144	-36.9782
2003.6144	2542.0218
1940.6144	3227.0218
1966.6144	241.0218
1811.6144	-1283.9782
675.6144	1396.0218
1593.6144	-786.9782
548.6144	1755.0218
1403.6144	812.0218
1710.6144	-131.9782
1244.6144	269.0218
934.6144	963.0218
2242.6144	143.0218
-131.3856	697.0218
2309.6144	-934.9782
1522.6144	3876.0218
945.6144	2549.0218
1095.6144	4096.0218
2626.6144	536.0218
599.6144	1330.0218
2403.6144	-1221.9782
1058.6144	-780.9782
1579.6144	678.0218
1180.6144	-1223.9782
2201.6144	5238.0218
2450.6144	1520.0218
672.6144	579.0218
1684.6144	1971.0218
2441.6144	4425.0218
1577.6144	-246.9782
1034.6144	2687.0218
3774.6144	1108.0218
714.6144	2287.0218
1327.6144	2862.0218
820.6144	215.0218
143.6144	416.0218
4696.6144	1200.0218
2260.6144	-3484.9782
188.6144	143.0218
888.6144	5667.0218
1546.6144	623.0218
1902.6144	3573.0218
690.6144	372.0218
1229.6144	95.0218
1277.6144	-1694.9782
7590.6144	2090.0218
1589.6144	4551.0218
-231.3856	-264.9782
1897.6144	-4984.9782
1561.6144	-1115.9782
2314.6144	830.0218
2352.6144	1789.0218
1511.6144	404.0218
2084.6144	1212.0218
2025.6144	4899.0218
287.6144	2900.0218
1508.6144	-2592.9782
2041.6144	1914.0218
2772.6144	1536.0218
665.6144	-172.9782
2983.6144	-1514.9782
2422.6144	2236.0218
397.6144	10.0218
1433.6144	754.0218
1399.6144	258.0218
1064.6144	1391.0218
984.6144	-1633.9782
1430.6144	1537.0218
498.6144	-3.9782
1764.6144	107.0218
1214.6144	694.0218
1630.6144	-2731.9782
486.6144	6145.0218
1974.6144	1123.0218
2483.6144	496.0218
-304.3856	-22.9782
2238.6144	-131.9782
-441.3856	1345.0218
1009.6144	2477.0218
1099.6144	-745.9782
1352.6144	-98.9782
567.6144	2183.0218
-346.3856	48.0218
-95.3856	622.0218
-133.3856	-865.9782
534.6144	489.0218
535.6144	748.0218
2025.6144	1870.0218
-569.3856	-1585.9782
-1225.3856	1658.0218
-529.3856	252.0218
18.6144	-761.9782
-36.3856	-15.9782
-1574.3856	91.0218
354.6144	-4140.9782
-1075.3856	-823.9782
-960.3856	210.0218
621.6144	4143.0218
1033.6144	2899.0218
-379.3856	3126.0218
998.6144	1911.0218
1099.6144	-2141.9782
1096.6144	2594.0218
806.6144	1999.0218
-237.3856	-26.9782
299.6144	-1287.9782
-1030.3856	1864.0218
575.6144	-1300.9782
-529.3856	145.0218
-1460.3856	1420.0218
937.6144	1283.0218
410.6144	351.0218
-635.3856	-2983.9782
-404.3856	1442.0218
-311.3856	318.0218
-236.3856	3091.0218
-595.3856	5091.0218
1194.6144	3713.0218
-43.3856	941.0218
314.6144	27.0218
-339.3856	3799.0218
1967.6144	-105.9782
515.6144	264.0218
-39.3856	3297.0218
814.6144	1246.0218
868.6144	2710.0218
1738.6144	-1469.9782
-190.3856	846.0218
1089.6144	-1005.9782
1773.6144	1154.0218
1566.6144	-165.9782
-360.3856	1899.0218
571.6144	2239.0218
1042.6144	-829.9782
316.6144	-589.9782
608.6144	1875.0218
-1127.3856	2227.0218
-475.3856	-1386.9782
416.6144	-352.9782
-1081.3856	786.0218
-22.3856	3482.0218
482.6144	961.0218
-205.3856	317.0218
461.6144	115.0218
822.6144	2508.0218
417.6144	-381.9782
1460.6144	-17.9782
-794.3856	415.0218
-232.3856	5860.0218
-401.3856	-42.9782
-422.3856	1193.0218
-391.3856	-614.9782
299.6144	2268.0218
1357.6144	-1355.9782
-648.3856	3950.0218
1033.6144	-1822.9782
-339.3856	1849.0218
-549.3856	50.0218
-232.3856	3043.0218
40.6144	1569.0218
267.6144	537.0218
1598.6144	-4608.9782
-602.3856	2650.0218
562.6144	684.0218
293.6144	2327.0218
182.6144	2072.0218
-367.3856	-5398.9782
720.6144	-1899.9782
-1016.3856	380.0218
1018.6144	-507.9782
-2254.3856	-1928.9782
-854.3856	-730.9782
-872.3856	2290.0218
-881.3856	-1308.9782
-1619.3856	-157.9782
643.6144	1783.0218
254.6144	-1833.9782
11.6144	178.0218
1049.6144	-882.9782
-538.3856	-2127.9782
-944.3856	1682.0218
-329.3856	1082.0218
397.6144	-695.9782
914.6144	2238.0218
-825.3856	-1496.9782
-948.3856	1131.0218
708.6144	3976.0218
-588.3856	-1043.9782
244.6144	-220.9782
-117.3856	-1334.9782
414.6144	974.0218
-351.3856	367.0218
-487.3856	2352.0218
85.6144	2731.0218
-1057.3856	1215.0218
1641.6144	1258.0218
-38.3856	-249.9782
-948.3856	1675.0218
-1274.3856	352.0218
-27.3856	1794.0218
-373.3856	4281.0218
1526.6144	-969.9782
-277.3856	3139.0218
-1232.3856	1245.0218
-377.3856	839.0218
1125.6144	5252.0218
1362.6144	6463.0218
540.6144	-1800.9782
-41.3856	3017.0218
-526.3856	687.0218
1406.6144	970.0218
-192.3856	-2288.9782
-764.3856	-1050.9782
-431.3856	775.0218
550.6144	5138.0218
-459.3856	678.0218
-436.3856	-3008.9782
367.6144	-449.9782
-1007.3856	2636.0218
1149.6144	-3235.9782
240.6144	-2086.9782
391.6144	1395.0218
1270.6144	-791.9782
93.6144	553.0218
-933.3856	-257.9782
894.6144	875.0218
1128.6144	1182.0218
155.6144	41.0218
-670.3856	-4116.9782
-116.3856	-1697.9782
24.6144	-2.9782
1487.6144	-767.9782
258.6144	2796.0218
-715.3856	3539.0218
802.6144	2548.0218
-1138.3856	-1467.9782
-41.3856	2121.0218
1304.6144	-1138.9782
391.6144	2003.0218
-557.3856	1407.0218
74.6144	357.0218
322.6144	-3250.9782
-691.3856	-1262.9782
-533.3856	416.0218
-117.3856	-1448.9782
1170.6144	-1949.9782
-796.3856	1945.0218
642.6144	957.0218
774.6144	502.0218
-772.3856	-815.9782
221.6144	1277.0218
1107.6144	785.0218
-1636.3856	-1425.9782
1174.6144	17.0218
-65.3856	2785.0218
-768.3856	-1776.9782
-1159.3856	1688.0218
-2297.3856	-257.9782
-692.3856	-518.9782
261.6144	1048.0218
587.6144	-796.9782
32.6144	719.0218
-477.3856	1676.0218
-1491.3856	-686.9782
140.6144	2964.0218
229.6144	-2642.9782
1512.6144	674.0218
-865.3856	-1259.9782
109.6144	-353.9782
-1163.3856	2069.0218
-602.3856	1261.0218
-815.3856	961.0218
-679.3856	4557.0218
-539.3856	878.0218
523.6144	423.0218
-1375.3856	-2649.9782
-1402.3856	-939.9782
687.6144	-1546.9782
-151.3856	634.0218
-1008.3856	56.0218
-642.3856	-2387.9782
328.6144	-2991.9782
-1744.3856	-1298.9782
-824.3856	2204.0218
61.6144	450.0218
-1685.3856	784.0218
-483.3856	704.0218
-430.3856	-2165.9782
-667.3856	3583.0218
-439.3856	-897.9782
270.6144	-134.9782
-207.3856	-253.9782
-614.3856	4130.0218
1089.6144	-1986.9782
635.6144	-505.9782
462.6144	1366.0218
-614.3856	-1183.9782
-751.3856	-308.9782
105.6144	-1955.9782
1895.6144	-5.9782
-690.3856	451.0218
693.6144	-410.9782
-1884.3856	-1212.9782
-977.3856	2645.0218
-159.3856	-1367.9782
588.6144	-1849.9782
817.6144	1448.0218
0.6144	3639.0218
-428.3856	2130.0218
108.6144	3221.0218
58.6144	-3574.9782
-1388.3856	-386.9782
1065.6144	1303.0218
-276.3856	2830.0218
2103.6144	912.0218
629.6144	1945.0218
1167.6144	-2094.9782
-316.3856	-1348.9782
-226.3856	-631.9782
854.6144	-1648.9782
740.6144	-1378.9782
-745.3856	-1433.9782
-725.3856	3293.0218
424.6144	2468.0218
-150.3856	4216.0218
300.6144	257.0218
3040.6144	1216.0218
409.6144	1768.0218
1031.6144	-4045.9782
-1978.3856	-253.9782
-247.3856	-369.9782
-115.3856	557.0218
221.6144	-2630.9782
994.6144	1178.0218
-19.3856	72.0218
168.6144	934.0218
-1441.3856	-421.9782
460.6144	-2177.9782
-293.3856	45.0218
-46.3856	-191.9782
-428.3856	859.0218
-840.3856	3178.0218
-562.3856	-173.9782
239.6144	-1012.9782
210.6144	-1291.9782
-571.3856	-613.9782
2693.6144	-804.9782
437.6144	1011.0218
-1343.3856	-414.9782
-1733.3856	-1245.9782
206.6144	2101.0218
12.6144	1066.0218
-1374.3856	-928.9782
738.6144	1325.0218
-1160.3856	259.0218
944.6144	-1723.9782
-352.3856	-1315.9782
445.6144	-1357.9782
264.6144	613.0218
586.6144	524.0218
1139.6144	-1462.9782
639.6144	-554.9782
368.6144	995.0218
-1010.3856	1263.0218
446.6144	-723.9782
2.6144	4318.0218
591.6144	2900.0218
-766.3856	362.0218
-927.3856	144.0218
659.6144	1757.0218
-712.3856	-29.9782
-642.3856	-2076.9782
626.6144	-1393.9782
-1104.3856	2755.0218
-433.3856	3942.0218
2140.6144	112.0218
-994.3856	-1967.9782
1369.6144	661.0218
-1560.3856	-1404.9782
1980.6144	-243.9782
-1159.3856	-1873.9782
-575.3856	-820.9782
2167.6144	-2011.9782
-240.3856	884.0218
-301.3856	-5.9782
439.6144	-2204.9782
-94.3856	1103.0218
-1224.3856	-492.9782
-262.3856	600.0218
1821.6144	-170.9782
-253.3856	1723.0218
53.6144	1259.0218
469.6144	-2381.9782
-352.3856	1011.0218
-247.3856	-1990.9782
-1049.3856	3503.0218
324.6144	-224.9782
508.6144	-2065.9782
-1227.3856	-57.9782
-866.3856	254.0218
-588.3856	-115.9782
109.6144	-87.9782
-1094.3856	-199.9782
-332.3856	1084.0218
1810.6144	1262.0218
-307.3856	2097.0218
-154.3856	2326.0218
-492.3856	-911.9782
-140.3856	-1684.9782
456.6144	1713.0218
-53.3856	-1766.9782
773.6144	-1287.9782
-169.3856	2039.0218
112.6144	-1511.9782
-84.3856	760.0218
2339.6144	2147.0218
-339.3856	1189.0218
-161.3856	-800.9782
417.6144	586.0218
-358.3856	376.0218
-52.3856	-336.9782
194.6144	-107.9782
565.6144	2000.0218
-536.3856	-1394.9782
-1803.3856	-2106.9782
673.6144	1481.0218
-1073.3856	2292.0218
-806.3856	-1039.9782
1357.6144	937.0218
679.6144	-4530.9782
-1307.3856	-2075.9782
402.6144	2648.0218
-1331.3856	-1459.9782
-634.3856	-864.9782
-215.3856	1518.0218
-19.3856	4812.0218
-858.3856	-50.9782
578.6144	326.0218
-186.3856	-1351.9782
1273.6144	4430.0218
1084.6144	-2563.9782
381.6144	-285.9782
-1070.3856	-2365.9782
-1088.3856	1941.0218
1250.6144	-654.9782
-66.3856	-795.9782
308.6144	-1807.9782
1123.6144	-17.9782
-1081.3856	-1672.9782
-725.3856	-1567.9782
324.6144	-3890.9782
285.6144	458.0218
-1069.3856	-560.9782
133.6144	-2337.9782
-385.3856	546.0218
-434.3856	-778.9782
193.6144	2173.0218
-770.3856	514.0218
-601.3856	-2245.9782
-53.3856	-35.9782
-726.3856	-302.9782
546.6144	-1607.9782
-558.3856	-957.9782
58.6144	3407.0218
-1179.3856	-709.9782
466.6144	506.0218
9.6144	-952.9782
-571.3856	-2152.9782
-1724.3856	-1397.9782
-1213.3856	-256.9782
-1733.3856	-136.9782
-330.3856	1432.0218
19.6144	-744.9782
-1197.3856	457.0218
283.6144	-3204.9782
-135.3856	-1422.9782
-578.3856	-121.9782
923.6144	69.0218
-995.3856	552.0218
-615.3856	-574.9782
1190.6144	39.0218
700.6144	138.0218
139.6144	2465.0218
-1075.3856	3380.0218
418.6144	-296.9782
-854.3856	2309.0218
972.6144	-1148.9782
85.6144	-20.9782
10.6144	-941.9782
-421.3856	-523.9782
-198.3856	-30.9782
-493.3856	1447.0218
-170.3856	-599.9782
242.6144	-3344.9782
-451.3856	2316.0218
-1385.3856	-2083.9782
-151.3856	-1868.9782
-1700.3856	-3131.9782
1146.6144	-540.9782
-2172.3856	-1687.9782
-1106.3856	344.0218
576.6144	-1609.9782
477.6144	-3351.9782
-2815.3856	-1342.9782
-836.3856	-1128.9782
-502.3856	-789.9782
-400.3856	2394.0218
-204.3856	2180.0218
366.6144	2565.0218
61.6144	2601.0218
62.6144	1704.0218
694.6144	-618.9782
556.6144	4140.0218
-38.3856	2179.0218
-607.3856	1996.0218
-1161.3856	128.0218
-954.3856	-701.9782
-1118.3856	-1017.9782
-518.3856	1762.0218
663.6144	93.0218
-554.3856	-2006.9782
-1112.3856	-1984.9782
438.6144	1891.0218
-223.3856	2624.0218
427.6144	931.0218
-1422.3856	1912.0218
-1086.3856	-2484.9782
476.6144	1751.0218
280.6144	915.0218
-1453.3856	6578.0218
617.6144	3079.0218
-811.3856	850.0218
-383.3856	1800.0218
-608.3856	-2376.9782
-1561.3856	-2820.9782
-7.3856	-736.9782
-723.3856	1431.0218
186.6144	1989.0218
-745.3856	798.0218
-727.3856	-2633.9782
-298.3856	-237.9782
318.6144	1337.0218
853.6144	-2888.9782
192.6144	294.0218
-1275.3856	-1184.9782
205.6144	-3635.9782
-547.3856	-2938.9782
-1248.3856	1349.0218
378.6144	-1978.9782
-810.3856	-1958.9782
-436.3856	-1415.9782
-525.3856	191.0218
-818.3856	-2111.9782
-1521.3856	1372.0218
-889.3856	-708.9782
-768.3856	1463.0218
1074.6144	2191.0218
627.6144	-3881.9782
-1098.3856	-901.9782
1122.6144	1155.0218
1017.6144	696.0218
-303.3856	-1582.9782
319.6144	-41.9782
-578.3856	-1829.9782
-939.3856	-704.9782
304.6144	863.0218
-2475.3856	-2874.9782
-2699.3856	619.0218
1287.6144	-1179.9782
-461.3856	337.0218
-1186.3856	-76.9782
-18.3856	1160.0218
-588.3856	775.0218
1547.6144	-905.9782
-33.3856	-1003.9782
-725.3856	-577.9782
-1220.3856	-162.9782
-936.3856	511.0218
-705.3856	-1825.9782
-334.3856	-1390.9782
129.6144	147.0218
-1949.3856	3021.0218
-1592.3856	526.0218
-1354.3856	-1109.9782
-155.3856	2686.0218
420.6144	-37.9782
-1187.3856	-131.9782
-2141.3856	-1591.9782
-1704.3856	-639.9782
343.6144	606.0218
1027.6144	718.0218
-817.3856	-863.9782
-12.3856	3563.0218
144.6144	1775.0218
-744.3856	-873.9782
-1063.3856	-2499.9782
-1519.3856	-1476.9782
-245.3856	1223.0218
-1014.3856	477.0218
-756.3856	-1111.9782
209.6144	-697.9782
-1203.3856	2011.0218
-2135.3856	859.0218
-1160.3856	2352.0218
-1809.3856	-1195.9782
62.6144	67.0218
-1820.3856	3127.0218
75.6144	3299.0218
298.6144	1545.0218
200.6144	-2444.9782
-1140.3856	-535.9782
-581.3856	-215.9782
-305.3856	541.0218
612.6144	1760.0218
242.6144	-3117.9782
-994.3856	-724.9782
-883.3856	-1673.9782
0.6144	-421.9782
-657.3856	711.0218
331.6144	1654.0218
-362.3856	3053.0218
-1440.3856	3583.0218
-1538.3856	1537.0218
-610.3856	2958.0218
1058.6144	3481.0218
-1191.3856	-864.9782
-1064.3856	-2733.9782
-1008.3856	938.0218
1118.6144	-534.9782
-883.3856	-3149.9782
-1435.3856	-606.9782
-309.3856	-305.9782
50.6144	-1261.9782
-1849.3856	-3386.9782
-698.3856	-218.9782
-486.3856	-131.9782
-35.3856	-905.9782
449.6144	-1997.9782
-851.3856	36.0218
908.6144	-3680.9782
-8.3856	164.0218
-894.3856	-1938.9782
-252.3856	-3165.9782
539.6144	-1660.9782
-1006.3856	-969.9782
175.6144	2490.0218
-259.3856	1256.0218
346.6144	-2028.9782
279.6144	-1834.9782
-935.3856	157.0218
-186.3856	-3226.9782
-640.3856	1676.0218
133.6144	-124.9782
204.6144	-1453.9782
-267.3856	1156.0218
-310.3856	-1724.9782
-1612.3856	-3495.9782
-922.3856	130.0218
-1546.3856	-679.9782
-903.3856	-245.9782
197.6144	-515.9782
604.6144	915.0218
538.6144	-217.9782
-1498.3856	-1509.9782
412.6144	-3103.9782
-2247.3856	-456.9782
-945.3856	-5079.9782
273.6144	931.0218
-593.3856	-1210.9782
-696.3856	2604.0218
-762.3856	-945.9782
1104.6144	268.0218
-1358.3856	-3850.9782
590.6144	424.0218
-1188.3856	-1148.9782
299.6144	-1381.9782
970.6144	-1423.9782
-7.3856	3321.0218
-740.3856	-1434.9782
-828.3856	210.0218
-355.3856	2671.0218
-230.3856	-84.9782
100.6144	-2282.9782
-602.3856	178.0218
-537.3856	-2425.9782
1634.6144	644.0218
-293.3856	-793.9782
-712.3856	-686.9782
85.6144	-2702.9782
-1208.3856	-3627.9782
-724.3856	3922.0218
-465.3856	3251.0218
5566.6144	3462.0218
-70.3856	-223.9782
549.6144	98.0218
573.6144	-1562.9782
-342.3856	1431.0218
-45.3856	-2986.9782
55.6144	-2274.9782
-915.3856	-1424.9782
-705.3856	-1806.9782
-611.3856	437.0218
692.6144	5092.0218
-1342.3856	1418.0218
-468.3856	3154.0218
277.6144	777.0218
730.6144	425.0218
-733.3856	-1029.9782
-314.3856	602.0218
-1211.3856	-1980.9782
-824.3856	-3700.9782
-1778.3856	1451.0218
450.6144	-539.9782
819.6144	793.0218
430.6144	-441.9782
-943.3856	-1227.9782
836.6144	152.0218
-730.3856	2249.0218
721.6144	485.0218
-39.3856	-531.9782
1132.6144	-2149.9782
-199.3856	-2259.9782
1261.6144	-717.9782
-1305.3856	-1191.9782
-350.3856	-156.9782
-447.3856	-2844.9782
-1746.3856	-371.9782
-598.3856	-483.9782
1543.6144	1443.0218
-896.3856	610.0218
-1045.3856	-2369.9782
-861.3856	687.0218
-1322.3856	-625.9782
110.6144	-2545.9782
218.6144	-163.9782
-1172.3856	566.0218
-948.3856	-3622.9782
-1219.3856	-588.9782
-133.3856	53.0218
-887.3856	-4128.9782
1001.6144	2566.0218
-75.3856	-303.9782
-1032.3856	-1609.9782
261.6144	-4470.9782
-884.3856	257.0218
-267.3856	429.0218
-478.3856	-1465.9782
-857.3856	-2639.9782
-237.3856	4184.0218
-1049.3856	-853.9782
-370.3856	-3028.9782
181.6144	564.0218
-391.3856	-3766.9782
-873.3856	166.0218
1137.6144	-471.9782
-60.3856	2865.0218
-805.3856	-2914.9782
-1288.3856	-1428.9782
-121.3856	-1297.9782
-1437.3856	-654.9782
-1265.3856	2987.0218
-1183.3856	-624.9782
-739.3856	-2083.9782
-60.3856	1414.0218
-253.3856	990.0218
140.6144	-4620.9782
426.6144	-2929.9782
-2510.3856	1736.0218
-2395.3856	-2792.9782
388.6144	-183.9782
-259.3856	-3598.9782
170.6144	-2392.9782
284.6144	17.0218
-893.3856	-1594.9782
-282.3856	3468.0218
-399.3856	-3459.9782
-576.3856	-4250.9782
-2077.3856	825.0218
-1239.3856	2784.0218
-976.3856	1381.0218
-1411.3856	579.0218
-1232.3856	218.0218
-1140.3856	1932.0218
-768.3856	995.0218
13.6144	-1933.9782
1625.6144	-212.9782
-1780.3856	4895.0218
-2008.3856	-4677.9782
-1412.3856	-2586.9782
-167.3856	-45.9782
-1471.3856	793.0218
-1452.3856	-2998.9782
-395.3856	-2873.9782
636.6144	-1175.9782
221.6144	-22.9782
57.6144	-554.9782
-510.3856	-776.9782
-279.3856	-2068.9782
-425.3856	-375.9782
264.6144	2245.0218
-859.3856	-4975.9782
-1490.3856	2830.0218
-375.3856	-4872.9782
40.6144	-1913.9782
-993.3856	-2411.9782
-840.3856	-3278.9782
141.6144	-359.9782
-2412.3856	-1493.9782
-60.3856	-4270.9782
-1036.3856	2353.0218
-1203.3856	-3005.9782
-1209.3856	-4026.9782
-1620.3856	-3734.9782
-1797.3856	1088.0218
-620.3856	14.0218
-122.3856	1862.0218
-339.3856	-604.9782
-161.3856	-2111.9782
-896.3856	-125.9782
75.6144	-676.9782
434.6144	-1394.9782
-1981.3856	-1209.9782
-296.3856	-2324.9782
-220.3856	-1844.9782
-433.3856	-1401.9782
-1308.3856	-2573.9782
-759.3856	-1892.9782
-215.3856	1233.0218
1006.6144	-694.9782
-324.3856	1912.0218
-153.3856	1147.0218
-803.3856	-1190.9782
1141.6144	-2895.9782
3540.6144	1531.0218
-1656.3856	8.0218
-269.3856	-3504.9782
246.6144	-3269.9782
-841.3856	-31.9782
-1144.3856	2741.0218
-239.3856	-1812.9782
568.6144	-1334.9782
2135.6144	-2685.9782
-677.3856	-2782.9782
-501.3856	339.0218
-1234.3856	-573.9782
-838.3856	-2658.9782
-409.3856	-128.9782
506.6144	-1700.9782
-1114.3856	-1899.9782
-123.3856	-140.9782
-132.3856	-1689.9782
593.6144	788.0218
-12.3856	-748.9782
-523.3856	-1940.9782
131.6144	-118.9782
-671.3856	-3798.9782
-77.3856	-2835.9782
-407.3856	1536.0218
-1603.3856	-1972.9782
-1236.3856	-47.9782
-1275.3856	-2620.9782
-2071.3856	453.0218
-86.3856	-1948.9782
-942.3856	-3231.9782
-720.3856	-956.9782
-1056.3856	3434.0218
2330.6144	-1280.9782
-779.3856	-4526.9782
416.6144	-1984.9782
-2470.3856	2437.0218
-95.3856	1155.0218
451.6144	-3333.9782
440.6144	973.0218
-777.3856	-5848.9782
-930.3856	-218.9782
-934.3856	-3241.9782
-1239.3856	-777.9782
-269.3856	-779.9782
-1484.3856	206.0218
-122.3856	-456.9782
-1291.3856	-476.9782
-1671.3856	-1382.9782
-1667.3856	-393.9782
-222.3856	-3440.9782
684.6144	144.0218
1726.6144	-15.9782
-648.3856	-99.9782
-1350.3856	-946.9782
-170.3856	245.0218
-1492.3856	853.0218
-968.3856	-969.9782
-805.3856	-1978.9782
-1174.3856	-2193.9782
-673.3856	-2822.9782
